1;3913.312221
2;3913.312221
3;3913.312221
4;3913.312221
5;3913.312221
6;3913.312221
7;4049.095454
8;4049.095454
9;4049.095454
10;3890.002950
11;3890.002950
12;3890.002950
13;3890.002950
14;3890.002950
15;3890.002950
16;3890.002950
17;3890.002950
18;3890.002950
19;3890.002950
20;3890.002950
21;3890.002950
22;3890.002950
23;3890.002950
24;3890.002950
25;3890.002950
26;3890.002950
27;3890.002950
28;3890.002950
29;3890.002950
30;3890.002950
31;3890.002950
32;3890.002950
33;3890.002950
34;3890.002950
35;3890.002950
36;3890.002950
37;3890.002950
38;3890.002950
39;3890.002950
40;3890.002950
41;3890.002950
42;3890.002950
43;3890.002950
44;3890.002950
45;3890.002950
46;3890.002950
47;3890.002950
48;3890.002950
49;3890.002950
50;3890.002950
51;3890.002950
52;3890.002950
53;3890.002950
54;3890.002950
55;3890.002950
56;3890.002950
57;3890.002950
58;3890.002950
59;3890.002950
60;3890.002950
61;3890.002950
62;3890.002950
63;3890.002950
64;3890.002950
65;3890.002950
66;3890.002950
67;3890.002950
68;3890.002950
69;3890.002950
70;3890.002950
71;3890.002950
72;3890.002950
73;3890.002950
74;3890.002950
75;3890.002950
76;3890.002950
77;3890.002950
78;3890.002950
79;3890.002950
80;3890.002950
81;3890.002950
82;3890.002950
83;3890.002950
84;3890.002950
85;3890.002950
86;3890.002950
87;3890.002950
88;3890.002950
89;3890.002950
90;3890.002950
91;3890.002950
92;3890.002950
93;3890.002950
94;3890.002950
95;3890.002950
96;3890.002950
97;3890.002950
98;3890.002950
99;3890.002950
100;3890.002950
101;3890.002950
102;3890.002950
103;3890.002950
104;3890.002950
105;3890.002950
106;3890.002950
107;3890.002950
108;3890.002950
109;3890.002950
110;3890.002950
111;3890.002950
112;3890.002950
113;3890.002950
114;3890.002950
115;3890.002950
116;3890.002950
117;3890.002950
118;3890.002950
119;3890.002950
120;3890.002950
121;3890.002950
122;3890.002950
123;3890.002950
124;3890.002950
125;3890.002950
126;3890.002950
127;3890.002950
128;3890.002950
129;3890.002950
130;3890.002950
131;3890.002950
132;3890.002950
133;3890.002950
134;3890.002950
135;3890.002950
136;3890.002950
137;3890.002950
138;3890.002950
139;3890.002950
140;3890.002950
141;3890.002950
142;3890.002950
143;3890.002950
144;3890.002950
145;3890.002950
146;3890.002950
147;3890.002950
148;3890.002950
149;3890.002950
150;3890.002950
151;3890.002950
152;3890.002950
153;3890.002950
154;3890.002950
155;3890.002950
156;3890.002950
157;3890.002950
158;3890.002950
159;3890.002950
160;3890.002950
161;3890.002950
162;3890.002950
163;3890.002950
164;3890.002950
165;3890.002950
166;3890.002950
167;3890.002950
168;3890.002950
169;3890.002950
170;3890.002950
171;3890.002950
172;3890.002950
173;3890.002950
174;3890.002950
175;3890.002950
176;3890.002950
177;3890.002950
178;3890.002950
179;3890.002950
180;3890.002950
181;3890.002950
182;3890.002950
183;3890.002950
184;3890.002950
185;3890.002950
186;3890.002950
187;3890.002950
188;3890.002950
189;3890.002950
190;3890.002950
191;3890.002950
192;3890.002950
193;3890.002950
194;3890.002950
195;3890.002950
196;3890.002950
197;3890.002950
198;3890.002950
199;3890.002950
200;3890.002950
201;3890.002950
202;3890.002950
203;3890.002950
204;3890.002950
205;3890.002950
206;3890.002950
207;3890.002950
208;3890.002950
209;3890.002950
210;3890.002950
211;3890.002950
212;3890.002950
213;3890.002950
214;3890.002950
215;3890.002950
216;3890.002950
217;3890.002950
218;3890.002950
219;3890.002950
220;3890.002950
221;3890.002950
222;3890.002950
223;3890.002950
224;3890.002950
225;3890.002950
226;3890.002950
227;3890.002950
228;3890.002950
229;3890.002950
230;3890.002950
231;3890.002950
232;3890.002950
233;3890.002950
234;3890.002950
235;3890.002950
236;3890.002950
237;3890.002950
238;3890.002950
239;3890.002950
240;3890.002950
241;3890.002950
242;3890.002950
243;3890.002950
244;3890.002950
245;3890.002950
246;3890.002950
247;3890.002950
248;3890.002950
249;3890.002950
250;3890.002950
251;3890.002950
252;3890.002950
253;3890.002950
254;3890.002950
255;3890.002950
256;3890.002950
257;3890.002950
258;3890.002950
259;3890.002950
260;3890.002950
261;3890.002950
262;3890.002950
263;3890.002950
264;3890.002950
265;3890.002950
266;3890.002950
267;3890.002950
268;3890.002950
269;3890.002950
270;3890.002950
271;3890.002950
272;3890.002950
273;3890.002950
274;3890.002950
275;3890.002950
276;3890.002950
277;3890.002950
278;3890.002950
279;3890.002950
280;3890.002950
281;3890.002950
282;3890.002950
283;3890.002950
284;3890.002950
285;3890.002950
286;3890.002950
287;3890.002950
288;3890.002950
289;3890.002950
290;3890.002950
291;3890.002950
292;3890.002950
293;3890.002950
294;3890.002950
295;3890.002950
296;3890.002950
297;3890.002950
298;3890.002950
299;3890.002950
300;3890.002950
301;3890.002950
302;3890.002950
303;3890.002950
304;3890.002950
305;3890.002950
306;3890.002950
307;3890.002950
308;3890.002950
309;3890.002950
310;3890.002950
311;3890.002950
312;3890.002950
313;3890.002950
314;3890.002950
315;3890.002950
316;3890.002950
317;3890.002950
318;3890.002950
319;3890.002950
320;3890.002950
321;3890.002950
322;3890.002950
323;3890.002950
324;3890.002950
325;3890.002950
326;3890.002950
327;3890.002950
328;3890.002950
329;3890.002950
330;3890.002950
331;3890.002950
332;3890.002950
333;3890.002950
334;3890.002950
335;3890.002950
336;3890.002950
337;3890.002950
338;3890.002950
339;3890.002950
340;3890.002950
341;3890.002950
342;3890.002950
343;3890.002950
344;3890.002950
345;3890.002950
346;3890.002950
347;3890.002950
348;3890.002950
349;3890.002950
350;3890.002950
351;3890.002950
352;3890.002950
353;3890.002950
354;3890.002950
355;3890.002950
356;3890.002950
357;3890.002950
358;3890.002950
359;3890.002950
360;3890.002950
361;3890.002950
362;3890.002950
363;3890.002950
364;3890.002950
365;3890.002950
366;3890.002950
367;3890.002950
368;3890.002950
369;3890.002950
370;3890.002950
371;3890.002950
372;3890.002950
373;3890.002950
374;3890.002950
375;3890.002950
376;3890.002950
377;3890.002950
378;3890.002950
379;3890.002950
380;3890.002950
381;3890.002950
382;3890.002950
383;3890.002950
384;3890.002950
385;3890.002950
386;3890.002950
387;3890.002950
388;3890.002950
389;3890.002950
390;3890.002950
391;3890.002950
392;3890.002950
393;3890.002950
394;3890.002950
395;3890.002950
396;3890.002950
397;3890.002950
398;3890.002950
399;3890.002950
400;3890.002950
401;3890.002950
402;3890.002950
403;3890.002950
404;3890.002950
405;3890.002950
406;3890.002950
407;3890.002950
408;3890.002950
409;3890.002950
410;3890.002950
411;3890.002950
412;3890.002950
413;3890.002950
414;3890.002950
415;3890.002950
416;3890.002950
417;3890.002950
418;3890.002950
419;3890.002950
420;3890.002950
421;3890.002950
422;3890.002950
423;3890.002950
424;3890.002950
425;3890.002950
426;3890.002950
427;3890.002950
428;3890.002950
429;3890.002950
430;3890.002950
431;3890.002950
432;3890.002950
433;3890.002950
434;3890.002950
435;3890.002950
436;3890.002950
437;3890.002950
438;3890.002950
439;3890.002950
440;3890.002950
441;3890.002950
442;3890.002950
443;3890.002950
444;3890.002950
445;3890.002950
446;3890.002950
447;3890.002950
448;3890.002950
449;3890.002950
450;3890.002950
451;3890.002950
452;3890.002950
453;3890.002950
454;3890.002950
455;3890.002950
456;3890.002950
457;3890.002950
458;3890.002950
459;3890.002950
460;3890.002950
461;3890.002950
462;3890.002950
463;3890.002950
464;3890.002950
465;3890.002950
466;3890.002950
467;3890.002950
468;3890.002950
469;3890.002950
470;3890.002950
471;3890.002950
472;3890.002950
473;3890.002950
474;3890.002950
475;3890.002950
476;3890.002950
477;3890.002950
478;3890.002950
479;3890.002950
480;3890.002950
481;3890.002950
482;3890.002950
483;3890.002950
484;3890.002950
485;3890.002950
486;3890.002950
487;3890.002950
488;3890.002950
489;3890.002950
490;3890.002950
491;3890.002950
492;3890.002950
493;3890.002950
494;3890.002950
495;3890.002950
496;3890.002950
497;3890.002950
498;3890.002950
499;3890.002950
500;3890.002950
501;3890.002950
502;3890.002950
503;3890.002950
504;3890.002950
505;3890.002950
506;3890.002950
507;3890.002950
508;3890.002950
509;3890.002950
510;3890.002950
511;3890.002950
512;3890.002950
513;3890.002950
514;3890.002950
515;3890.002950
516;3890.002950
517;3890.002950
518;3890.002950
519;3890.002950
520;3890.002950
521;3890.002950
522;3890.002950
523;3890.002950
524;3890.002950
525;3890.002950
526;3890.002950
527;3890.002950
528;3890.002950
529;3890.002950
530;3890.002950
531;3890.002950
532;3890.002950
533;3890.002950
534;3890.002950
535;3890.002950
536;3890.002950
537;3890.002950
538;3890.002950
539;3890.002950
540;3890.002950
541;3890.002950
542;3890.002950
543;3890.002950
544;3890.002950
545;3890.002950
546;3890.002950
547;3890.002950
548;3890.002950
549;3890.002950
550;3890.002950
551;3890.002950
552;3890.002950
553;3890.002950
554;3890.002950
555;3890.002950
556;3890.002950
557;3890.002950
558;3890.002950
559;3890.002950
560;3890.002950
561;3890.002950
562;3890.002950
563;3890.002950
564;3890.002950
565;3890.002950
566;3890.002950
567;3890.002950
568;3890.002950
569;3890.002950
570;3890.002950
571;3890.002950
572;3890.002950
573;3890.002950
574;3890.002950
575;3890.002950
576;3890.002950
577;3890.002950
578;3890.002950
579;3890.002950
580;3890.002950
581;3890.002950
582;3890.002950
583;3890.002950
584;3890.002950
585;3890.002950
586;3890.002950
587;3890.002950
588;3890.002950
589;3890.002950
590;3890.002950
591;3890.002950
592;3890.002950
593;3890.002950
594;3890.002950
595;3890.002950
596;3890.002950
597;3890.002950
598;3890.002950
599;3890.002950
600;3890.002950
601;3890.002950
602;3890.002950
603;3890.002950
604;3890.002950
605;3890.002950
606;3890.002950
607;3890.002950
608;3890.002950
609;3890.002950
610;3890.002950
611;3890.002950
612;3890.002950
613;3890.002950
614;3890.002950
615;3890.002950
616;3890.002950
617;3890.002950
618;3890.002950
619;3890.002950
620;3890.002950
621;3890.002950
622;3890.002950
623;3890.002950
624;3890.002950
625;3890.002950
626;3890.002950
627;3890.002950
628;3890.002950
629;3890.002950
630;3890.002950
631;3890.002950
632;3890.002950
633;3890.002950
634;3890.002950
635;3890.002950
636;3890.002950
637;3890.002950
638;3890.002950
639;3890.002950
640;3890.002950
641;3890.002950
642;3890.002950
643;3890.002950
644;3890.002950
645;3890.002950
646;3890.002950
647;3890.002950
648;3890.002950
649;3890.002950
650;3890.002950
651;3890.002950
652;3890.002950
653;3890.002950
654;3890.002950
655;3890.002950
656;3890.002950
657;3890.002950
658;3890.002950
659;3890.002950
660;3890.002950
661;3890.002950
662;3890.002950
663;3890.002950
664;3890.002950
665;3890.002950
666;3890.002950
667;3890.002950
668;3890.002950
669;3890.002950
670;3890.002950
671;3890.002950
672;3890.002950
673;3890.002950
674;3890.002950
675;3890.002950
676;3890.002950
677;3890.002950
678;3890.002950
679;3890.002950
680;3890.002950
681;3890.002950
682;3890.002950
683;3890.002950
684;3890.002950
685;3890.002950
686;3890.002950
687;3890.002950
688;3890.002950
689;3890.002950
690;3890.002950
691;3890.002950
692;3890.002950
693;3890.002950
694;3890.002950
695;3890.002950
696;3890.002950
697;3890.002950
698;3890.002950
699;3890.002950
700;3890.002950
701;3890.002950
702;3890.002950
703;3890.002950
704;3890.002950
705;3890.002950
706;3890.002950
707;3890.002950
708;3890.002950
709;3890.002950
710;3890.002950
711;3890.002950
712;3890.002950
713;3890.002950
714;3890.002950
715;3890.002950
716;3890.002950
717;3890.002950
718;3890.002950
719;3890.002950
720;3890.002950
721;3890.002950
722;3890.002950
723;3890.002950
724;3890.002950
725;3890.002950
726;3890.002950
727;3890.002950
728;3890.002950
729;3890.002950
730;3890.002950
731;3890.002950
732;3890.002950
733;3890.002950
734;3890.002950
735;3890.002950
736;3890.002950
737;3890.002950
738;3890.002950
739;3890.002950
740;3890.002950
741;3890.002950
742;3890.002950
743;3890.002950
744;3890.002950
745;3890.002950
746;3890.002950
747;3890.002950
748;3890.002950
749;3890.002950
750;3890.002950
751;3890.002950
752;3890.002950
753;3890.002950
754;3890.002950
755;3890.002950
756;3890.002950
757;3890.002950
758;3890.002950
759;3890.002950
760;3890.002950
761;3890.002950
762;3890.002950
763;3890.002950
764;3890.002950
765;3890.002950
766;3890.002950
767;3890.002950
768;3890.002950
769;3890.002950
770;3890.002950
771;3890.002950
772;3890.002950
773;3890.002950
774;3890.002950
775;3890.002950
776;3890.002950
777;3890.002950
778;3890.002950
779;3890.002950
780;3890.002950
781;3890.002950
782;3890.002950
783;3890.002950
784;3890.002950
785;3890.002950
786;3890.002950
787;3890.002950
788;3890.002950
789;3890.002950
790;3890.002950
791;3890.002950
792;3890.002950
793;3890.002950
794;3890.002950
795;3890.002950
796;3890.002950
797;3890.002950
798;3890.002950
799;3890.002950
800;3890.002950
801;3890.002950
802;3890.002950
803;3890.002950
804;3890.002950
805;3890.002950
806;3890.002950
807;3890.002950
808;3890.002950
809;3890.002950
810;3890.002950
811;3890.002950
812;3890.002950
813;3890.002950
814;3890.002950
815;3890.002950
816;3890.002950
817;3890.002950
818;3890.002950
819;3890.002950
820;3890.002950
821;3890.002950
822;3890.002950
823;3890.002950
824;3890.002950
825;3890.002950
826;3890.002950
827;3890.002950
828;3890.002950
829;3890.002950
830;3890.002950
831;3890.002950
832;3890.002950
833;3890.002950
834;3890.002950
835;3890.002950
836;3890.002950
837;3890.002950
838;3890.002950
839;3890.002950
840;3890.002950
841;3890.002950
842;3890.002950
843;3890.002950
844;3890.002950
845;3890.002950
846;3890.002950
847;3890.002950
848;3890.002950
849;3890.002950
850;3890.002950
851;3890.002950
852;3890.002950
853;3890.002950
854;3890.002950
855;3890.002950
856;3890.002950
857;3890.002950
858;3890.002950
859;3890.002950
860;3890.002950
861;3890.002950
862;3890.002950
863;3890.002950
864;3890.002950
865;3890.002950
866;3890.002950
867;3890.002950
868;3890.002950
869;3890.002950
870;3890.002950
871;3890.002950
872;3890.002950
873;3890.002950
874;3890.002950
875;3890.002950
876;3890.002950
877;3890.002950
878;3890.002950
879;3890.002950
880;3890.002950
881;3890.002950
882;3890.002950
883;3890.002950
884;3890.002950
885;3890.002950
886;3890.002950
887;3890.002950
888;3890.002950
889;3890.002950
890;3890.002950
891;3890.002950
892;3890.002950
893;3890.002950
894;3890.002950
895;3890.002950
896;3890.002950
897;3890.002950
898;3890.002950
899;3890.002950
900;3890.002950
901;3890.002950
902;3890.002950
903;3890.002950
904;3890.002950
905;3890.002950
906;3890.002950
907;3890.002950
908;3890.002950
909;3890.002950
910;3890.002950
911;3890.002950
912;3890.002950
913;3890.002950
914;3890.002950
915;3890.002950
916;3890.002950
917;3890.002950
918;3890.002950
919;3890.002950
920;3890.002950
921;3890.002950
922;3890.002950
923;3890.002950
924;3890.002950
925;3890.002950
926;3890.002950
927;3890.002950
928;3890.002950
929;3890.002950
930;3890.002950
931;3890.002950
932;3890.002950
933;3890.002950
934;3890.002950
935;3890.002950
936;3890.002950
937;3890.002950
938;3890.002950
939;3890.002950
940;3890.002950
941;3890.002950
942;3890.002950
943;3890.002950
944;3890.002950
945;3890.002950
946;3890.002950
947;3890.002950
948;3890.002950
949;3890.002950
950;3890.002950
951;3890.002950
952;3890.002950
953;3890.002950
954;3890.002950
955;3890.002950
956;3890.002950
957;3890.002950
958;3890.002950
959;3890.002950
960;3890.002950
961;3890.002950
962;3890.002950
963;3890.002950
964;3890.002950
965;3890.002950
966;3890.002950
967;3890.002950
968;3890.002950
969;3890.002950
970;3890.002950
971;3890.002950
972;3890.002950
973;3890.002950
974;3890.002950
975;3890.002950
976;3890.002950
977;3890.002950
978;3890.002950
979;3890.002950
980;3890.002950
981;3890.002950
982;3890.002950
983;3890.002950
984;3890.002950
985;3890.002950
986;3890.002950
987;3890.002950
988;3890.002950
989;3890.002950
990;3890.002950
991;3890.002950
992;3890.002950
993;3890.002950
994;3890.002950
995;3890.002950
996;3890.002950
997;3890.002950
998;3890.002950
999;3890.002950
1000;3890.002950
1001;3890.002950
1002;3890.002950
1003;3890.002950
1004;3890.002950
1005;3890.002950
1006;3890.002950
1007;3890.002950
1008;3890.002950
1009;3890.002950
1010;3890.002950
1011;3890.002950
1012;3890.002950
1013;3890.002950
1014;3890.002950
1015;3890.002950
1016;3890.002950
1017;3890.002950
1018;3890.002950
1019;3890.002950
1020;3890.002950
1021;3890.002950
1022;3890.002950
1023;3890.002950
1024;3890.002950
1025;3890.002950
1026;3890.002950
1027;3890.002950
1028;3890.002950
1029;3890.002950
1030;3890.002950
1031;3890.002950
1032;3890.002950
1033;3890.002950
1034;3890.002950
1035;3890.002950
1036;3890.002950
1037;3890.002950
1038;3890.002950
1039;3890.002950
1040;3890.002950
1041;3890.002950
1042;3890.002950
1043;3890.002950
1044;3890.002950
1045;3890.002950
1046;3890.002950
1047;3890.002950
1048;3890.002950
1049;3890.002950
1050;3890.002950
1051;3890.002950
1052;3890.002950
1053;3890.002950
1054;3890.002950
1055;3890.002950
1056;3890.002950
1057;3890.002950
1058;3890.002950
1059;3890.002950
1060;3890.002950
1061;3890.002950
1062;3890.002950
1063;3890.002950
1064;3890.002950
1065;3890.002950
1066;3890.002950
1067;3890.002950
1068;3890.002950
1069;3890.002950
1070;3890.002950
1071;3890.002950
1072;3890.002950
1073;3890.002950
1074;3890.002950
1075;3890.002950
1076;3890.002950
1077;3890.002950
1078;3890.002950
1079;3890.002950
1080;3890.002950
1081;3890.002950
1082;3890.002950
1083;3890.002950
1084;3890.002950
1085;3890.002950
1086;3890.002950
1087;3890.002950
1088;3890.002950
1089;3890.002950
1090;3890.002950
1091;3890.002950
1092;3890.002950
1093;3890.002950
1094;3890.002950
1095;3890.002950
1096;3890.002950
1097;3890.002950
1098;3890.002950
1099;3890.002950
1100;3890.002950
1101;3890.002950
1102;3890.002950
1103;3890.002950
1104;3890.002950
1105;3890.002950
1106;3890.002950
1107;3890.002950
1108;3890.002950
1109;3890.002950
1110;3890.002950
1111;3890.002950
1112;3890.002950
1113;3890.002950
1114;3890.002950
1115;3890.002950
1116;3890.002950
1117;3890.002950
1118;3890.002950
1119;3890.002950
1120;3890.002950
1121;3890.002950
1122;3890.002950
1123;3890.002950
1124;3890.002950
1125;3890.002950
1126;3890.002950
1127;3890.002950
1128;3890.002950
1129;3890.002950
1130;3890.002950
1131;3890.002950
1132;3890.002950
1133;3890.002950
1134;3890.002950
1135;3890.002950
1136;3890.002950
1137;3890.002950
1138;3890.002950
1139;3890.002950
1140;3890.002950
1141;3890.002950
1142;3890.002950
1143;3890.002950
1144;3890.002950
1145;3890.002950
1146;3890.002950
1147;3890.002950
1148;3890.002950
1149;3890.002950
1150;3890.002950
1151;3890.002950
1152;3890.002950
1153;3890.002950
1154;3890.002950
1155;3890.002950
1156;3890.002950
1157;3890.002950
1158;3890.002950
1159;3890.002950
1160;3890.002950
1161;3890.002950
1162;3890.002950
1163;3890.002950
1164;3890.002950
1165;3890.002950
1166;3890.002950
1167;3890.002950
1168;3890.002950
1169;3890.002950
1170;3890.002950
1171;3890.002950
1172;3890.002950
1173;3890.002950
1174;3890.002950
1175;3890.002950
1176;3890.002950
1177;3890.002950
1178;3890.002950
1179;3890.002950
1180;3890.002950
1181;3890.002950
1182;3890.002950
1183;3890.002950
1184;3890.002950
1185;3890.002950
1186;3890.002950
1187;3890.002950
1188;3890.002950
1189;3890.002950
1190;3890.002950
1191;3890.002950
1192;3890.002950
1193;3890.002950
1194;3890.002950
1195;3890.002950
1196;3890.002950
1197;3890.002950
1198;3890.002950
1199;3890.002950
1200;3890.002950
1201;3890.002950
1202;3890.002950
1203;3890.002950
1204;3890.002950
1205;3890.002950
1206;3890.002950
1207;3890.002950
1208;3890.002950
1209;3890.002950
1210;3890.002950
1211;3890.002950
1212;3890.002950
1213;3890.002950
1214;3890.002950
1215;3890.002950
1216;3890.002950
1217;3890.002950
1218;3890.002950
1219;3890.002950
1220;3890.002950
1221;3890.002950
1222;3890.002950
1223;3890.002950
1224;3890.002950
1225;3890.002950
1226;3890.002950
1227;3890.002950
1228;3890.002950
1229;3890.002950
1230;3890.002950
1231;3890.002950
1232;3890.002950
1233;3890.002950
1234;3890.002950
1235;3890.002950
1236;3890.002950
1237;3890.002950
1238;3890.002950
1239;3890.002950
1240;3890.002950
1241;3890.002950
1242;3890.002950
1243;3890.002950
1244;3890.002950
1245;3890.002950
1246;3890.002950
1247;3890.002950
1248;3890.002950
1249;3890.002950
1250;3890.002950
1251;3890.002950
1252;3890.002950
1253;3890.002950
1254;3890.002950
1255;3890.002950
1256;3890.002950
1257;3890.002950
1258;3890.002950
1259;3890.002950
1260;3890.002950
1261;3890.002950
1262;3890.002950
1263;3890.002950
1264;3890.002950
1265;3890.002950
1266;3890.002950
1267;3890.002950
1268;3890.002950
1269;3890.002950
1270;3890.002950
1271;3890.002950
1272;3890.002950
1273;3890.002950
1274;3890.002950
1275;3890.002950
1276;3890.002950
1277;3890.002950
1278;3890.002950
1279;3890.002950
1280;3890.002950
1281;3890.002950
1282;3890.002950
1283;3890.002950
1284;3890.002950
1285;3890.002950
1286;3890.002950
1287;3890.002950
1288;3890.002950
1289;3890.002950
1290;3890.002950
1291;3890.002950
1292;3890.002950
1293;3890.002950
1294;3890.002950
1295;3890.002950
1296;3890.002950
1297;3890.002950
1298;3890.002950
1299;3890.002950
1300;3890.002950
1301;3890.002950
1302;3890.002950
1303;3890.002950
1304;3890.002950
1305;3890.002950
1306;3890.002950
1307;3890.002950
1308;3890.002950
1309;3890.002950
1310;3890.002950
1311;3890.002950
1312;3890.002950
1313;3890.002950
1314;3890.002950
1315;3890.002950
1316;3890.002950
1317;3890.002950
1318;3890.002950
1319;3890.002950
1320;3890.002950
1321;3890.002950
1322;3890.002950
1323;3890.002950
1324;3890.002950
1325;3890.002950
1326;3890.002950
1327;3890.002950
1328;3890.002950
1329;3890.002950
1330;3890.002950
1331;3890.002950
1332;3890.002950
1333;3890.002950
1334;3890.002950
1335;3890.002950
1336;3890.002950
1337;3890.002950
1338;3890.002950
1339;3890.002950
1340;3890.002950
1341;3890.002950
1342;3890.002950
1343;3890.002950
1344;3890.002950
1345;3890.002950
1346;3890.002950
1347;3890.002950
1348;3890.002950
1349;3890.002950
1350;3890.002950
1351;3890.002950
1352;3890.002950
1353;3890.002950
1354;3890.002950
1355;3890.002950
1356;3890.002950
1357;3890.002950
1358;3890.002950
1359;3890.002950
1360;3890.002950
1361;3890.002950
1362;3890.002950
1363;3890.002950
1364;3890.002950
1365;3890.002950
1366;3890.002950
1367;3890.002950
1368;3890.002950
1369;3890.002950
1370;3890.002950
1371;3890.002950
1372;3890.002950
1373;3890.002950
1374;3890.002950
1375;3890.002950
1376;3890.002950
1377;3890.002950
1378;3890.002950
1379;3890.002950
1380;3890.002950
1381;3890.002950
1382;3890.002950
1383;3890.002950
1384;3890.002950
1385;3890.002950
1386;3890.002950
1387;3890.002950
1388;3890.002950
1389;3890.002950
1390;3890.002950
1391;3890.002950
1392;3890.002950
1393;3890.002950
1394;3890.002950
1395;3890.002950
1396;3890.002950
1397;3890.002950
1398;3890.002950
1399;3890.002950
1400;3890.002950
1401;3890.002950
1402;3890.002950
1403;3890.002950
1404;3890.002950
1405;3890.002950
1406;3890.002950
1407;3890.002950
1408;3890.002950
1409;3890.002950
1410;3890.002950
1411;3890.002950
1412;3890.002950
1413;3890.002950
1414;3890.002950
1415;3890.002950
1416;3890.002950
1417;3890.002950
1418;3890.002950
1419;3890.002950
1420;3890.002950
1421;3890.002950
1422;3890.002950
1423;3890.002950
1424;3890.002950
1425;3890.002950
1426;3890.002950
1427;3890.002950
1428;3890.002950
1429;3890.002950
1430;3890.002950
1431;3890.002950
1432;3890.002950
1433;3890.002950
1434;3890.002950
1435;3890.002950
1436;3890.002950
1437;3890.002950
1438;3890.002950
1439;3890.002950
1440;3890.002950
1441;3890.002950
1442;3890.002950
1443;3890.002950
1444;3890.002950
1445;3890.002950
1446;3890.002950
1447;3890.002950
1448;3890.002950
1449;3890.002950
1450;3890.002950
1451;3890.002950
1452;3890.002950
1453;3890.002950
1454;3890.002950
1455;3890.002950
1456;3890.002950
1457;3890.002950
1458;3890.002950
1459;3890.002950
1460;3890.002950
1461;3890.002950
1462;3890.002950
1463;3890.002950
1464;3890.002950
1465;3890.002950
1466;3890.002950
1467;3890.002950
1468;3890.002950
1469;3890.002950
1470;3890.002950
1471;3890.002950
1472;3890.002950
1473;3890.002950
1474;3890.002950
1475;3890.002950
1476;3890.002950
1477;3890.002950
1478;3890.002950
1479;3890.002950
1480;3890.002950
1481;3890.002950
1482;3890.002950
1483;3890.002950
1484;3890.002950
1485;3890.002950
1486;3890.002950
1487;3890.002950
1488;3890.002950
1489;3890.002950
1490;3890.002950
1491;3890.002950
1492;3890.002950
1493;3890.002950
1494;3890.002950
1495;3890.002950
1496;3890.002950
1497;3890.002950
1498;3890.002950
1499;3890.002950
1500;3890.002950
1501;3890.002950
1502;3890.002950
1503;3890.002950
1504;3890.002950
1505;3890.002950
1506;3890.002950
1507;3890.002950
1508;3890.002950
1509;3890.002950
1510;3890.002950
1511;3890.002950
1512;3890.002950
1513;3890.002950
1514;3890.002950
1515;3890.002950
1516;3890.002950
1517;3890.002950
1518;3890.002950
1519;3890.002950
1520;3890.002950
1521;3890.002950
1522;3890.002950
1523;3890.002950
1524;3890.002950
1525;3890.002950
1526;3890.002950
1527;3890.002950
1528;3890.002950
1529;3890.002950
1530;3890.002950
1531;3890.002950
1532;3890.002950
1533;3890.002950
1534;3890.002950
1535;3890.002950
1536;3890.002950
1537;3890.002950
1538;3890.002950
1539;3890.002950
1540;3890.002950
1541;3890.002950
1542;3890.002950
1543;3890.002950
1544;3890.002950
1545;3890.002950
1546;3890.002950
1547;3890.002950
1548;3890.002950
1549;3890.002950
1550;3890.002950
1551;3890.002950
1552;3890.002950
1553;3890.002950
1554;3890.002950
1555;3890.002950
1556;3890.002950
1557;3890.002950
1558;3890.002950
1559;3890.002950
1560;3890.002950
1561;3890.002950
1562;3890.002950
1563;3890.002950
1564;3890.002950
1565;3890.002950
1566;3890.002950
1567;3890.002950
1568;3890.002950
1569;3890.002950
1570;3890.002950
1571;3890.002950
1572;3890.002950
1573;3890.002950
1574;3890.002950
1575;3890.002950
1576;3890.002950
1577;3890.002950
1578;3890.002950
1579;3890.002950
1580;3890.002950
1581;3890.002950
1582;3890.002950
1583;3890.002950
1584;3890.002950
1585;3890.002950
1586;3890.002950
1587;3890.002950
1588;3890.002950
1589;3890.002950
1590;3890.002950
1591;3890.002950
1592;3890.002950
1593;3890.002950
1594;3890.002950
1595;3890.002950
1596;3890.002950
1597;3890.002950
1598;3890.002950
1599;3890.002950
1600;3890.002950
1601;3890.002950
1602;3890.002950
1603;3890.002950
1604;3890.002950
1605;3890.002950
1606;3890.002950
1607;3890.002950
1608;3890.002950
1609;3890.002950
1610;3890.002950
1611;3890.002950
1612;3890.002950
1613;3890.002950
1614;3890.002950
1615;3890.002950
1616;3890.002950
1617;3890.002950
1618;3890.002950
1619;3890.002950
1620;3890.002950
1621;3890.002950
1622;3890.002950
1623;3890.002950
1624;3890.002950
1625;3890.002950
1626;3890.002950
1627;3890.002950
1628;3890.002950
1629;3890.002950
1630;3890.002950
1631;3890.002950
1632;3890.002950
1633;3890.002950
1634;3890.002950
1635;3890.002950
1636;3890.002950
1637;3890.002950
1638;3890.002950
1639;3890.002950
1640;3890.002950
1641;3890.002950
1642;3890.002950
1643;3890.002950
1644;3890.002950
1645;3890.002950
1646;3890.002950
1647;3890.002950
1648;3890.002950
1649;3890.002950
1650;3890.002950
1651;3890.002950
1652;3890.002950
1653;3890.002950
1654;3890.002950
1655;3890.002950
1656;3890.002950
1657;3890.002950
1658;3890.002950
1659;3890.002950
1660;3890.002950
1661;3890.002950
1662;3890.002950
1663;3890.002950
1664;3890.002950
1665;3890.002950
1666;3890.002950
1667;3890.002950
1668;3890.002950
1669;3890.002950
1670;3890.002950
1671;3890.002950
1672;3890.002950
1673;3890.002950
1674;3890.002950
1675;3890.002950
1676;3890.002950
1677;3890.002950
1678;3890.002950
1679;3890.002950
1680;3890.002950
1681;3890.002950
1682;3890.002950
1683;3890.002950
1684;3890.002950
1685;3890.002950
1686;3890.002950
1687;3890.002950
1688;3890.002950
1689;3890.002950
1690;3890.002950
1691;3890.002950
1692;3890.002950
1693;3890.002950
1694;3890.002950
1695;3890.002950
1696;3890.002950
1697;3890.002950
1698;3890.002950
1699;3890.002950
1700;3890.002950
1701;3890.002950
1702;3890.002950
1703;3890.002950
1704;3890.002950
1705;3890.002950
1706;3890.002950
1707;3890.002950
1708;3890.002950
1709;3890.002950
1710;3890.002950
1711;3890.002950
1712;3890.002950
1713;3890.002950
1714;3890.002950
1715;3890.002950
1716;3890.002950
1717;3890.002950
1718;3890.002950
1719;3890.002950
1720;3890.002950
1721;3890.002950
1722;3890.002950
1723;3890.002950
1724;3890.002950
1725;3890.002950
1726;3890.002950
1727;3890.002950
1728;3890.002950
1729;3890.002950
1730;3890.002950
1731;3890.002950
1732;3890.002950
1733;3890.002950
1734;3890.002950
1735;3890.002950
1736;3890.002950
1737;3890.002950
1738;3890.002950
1739;3890.002950
1740;3890.002950
1741;3890.002950
1742;3890.002950
1743;3890.002950
1744;3890.002950
1745;3890.002950
1746;3890.002950
1747;3890.002950
1748;3890.002950
1749;3890.002950
1750;3890.002950
1751;3890.002950
1752;3890.002950
1753;3890.002950
1754;3890.002950
1755;3890.002950
1756;3890.002950
1757;3890.002950
1758;3890.002950
1759;3890.002950
1760;3890.002950
1761;3890.002950
1762;3890.002950
1763;3890.002950
