1;1016.140424
2;1016.140424
3;1016.140424
4;1016.140424
5;1016.140424
6;1016.140424
7;1016.140424
8;1016.140424
9;1016.140424
10;1016.140424
11;969.824046
12;1027.987083
13;1027.987083
14;1027.987083
15;1027.987083
16;1027.987083
17;1027.987083
18;1027.987083
19;1027.987083
20;1027.987083
21;1027.987083
22;1027.987083
23;1027.987083
24;1027.987083
25;1027.987083
26;1027.987083
27;1027.987083
28;1027.987083
29;1027.987083
30;1027.987083
31;1027.987083
32;1027.987083
33;1027.987083
34;1027.987083
35;1027.987083
36;1027.987083
37;1027.987083
38;1027.987083
39;1027.987083
40;1027.987083
41;1027.987083
42;997.640378
43;997.640378
44;997.640378
45;997.640378
46;997.640378
47;997.640378
48;997.640378
49;997.640378
50;997.640378
51;997.640378
52;997.640378
53;997.640378
54;997.640378
55;997.640378
56;997.640378
57;997.640378
58;997.640378
59;997.640378
60;997.640378
61;997.640378
62;997.640378
63;997.640378
64;997.640378
65;997.640378
66;997.640378
67;997.640378
68;997.640378
69;997.640378
70;997.640378
71;997.640378
72;997.640378
73;997.640378
74;997.640378
75;997.640378
76;997.640378
77;997.640378
78;997.640378
79;997.640378
80;997.640378
81;997.640378
82;997.640378
83;997.640378
84;997.640378
85;997.640378
86;997.640378
87;997.640378
88;997.640378
89;997.640378
90;997.640378
91;997.640378
92;997.640378
93;997.640378
94;997.640378
95;997.640378
96;997.640378
97;997.640378
98;997.640378
99;997.640378
100;997.640378
101;997.640378
102;997.640378
103;997.640378
104;997.640378
105;997.640378
106;997.640378
107;997.640378
108;997.640378
109;997.640378
110;997.640378
111;997.640378
112;997.640378
113;997.640378
114;997.640378
115;997.640378
116;997.640378
117;997.640378
118;997.640378
119;997.640378
120;997.640378
121;997.640378
122;997.640378
123;997.640378
124;997.640378
125;997.640378
126;997.640378
127;997.640378
128;997.640378
129;997.640378
130;997.640378
131;997.640378
132;997.640378
133;997.640378
134;997.640378
135;997.640378
136;997.640378
137;997.640378
138;997.640378
139;997.640378
140;997.640378
141;997.640378
142;997.640378
143;997.640378
144;997.640378
145;997.640378
146;997.640378
147;997.640378
148;997.640378
149;997.640378
150;997.640378
151;997.640378
152;997.640378
153;997.640378
154;997.640378
155;997.640378
156;997.640378
157;997.640378
158;997.640378
159;997.640378
160;997.640378
161;997.640378
162;997.640378
163;997.640378
164;997.640378
165;997.640378
166;997.640378
167;997.640378
168;997.640378
169;997.640378
170;997.640378
171;997.640378
172;997.640378
173;997.640378
174;997.640378
175;997.640378
176;997.640378
177;997.640378
178;997.640378
179;997.640378
180;997.640378
181;997.640378
182;997.640378
183;997.640378
184;997.640378
185;997.640378
186;997.640378
187;997.640378
188;997.640378
189;997.640378
190;997.640378
191;997.640378
192;997.640378
193;997.640378
194;997.640378
195;997.640378
196;997.640378
197;997.640378
198;997.640378
199;997.640378
200;997.640378
201;997.640378
202;997.640378
203;997.640378
204;997.640378
205;997.640378
206;997.640378
207;997.640378
208;997.640378
209;997.640378
210;997.640378
211;997.640378
212;997.640378
213;997.640378
214;997.640378
215;997.640378
216;997.640378
217;997.640378
218;997.640378
219;997.640378
220;997.640378
221;997.640378
222;997.640378
223;997.640378
224;997.640378
225;997.640378
226;997.640378
227;997.640378
228;997.640378
229;997.640378
230;997.640378
231;997.640378
232;997.640378
233;997.640378
234;997.640378
235;997.640378
236;997.640378
237;997.640378
238;997.640378
239;997.640378
240;997.640378
241;997.640378
242;997.640378
243;997.640378
244;997.640378
245;997.640378
246;997.640378
247;997.640378
248;997.640378
249;997.640378
250;997.640378
251;997.640378
252;997.640378
253;997.640378
254;997.640378
255;997.640378
256;997.640378
257;997.640378
258;997.640378
259;997.640378
260;997.640378
261;997.640378
262;997.640378
263;997.640378
264;997.640378
265;997.640378
266;997.640378
267;997.640378
268;997.640378
269;997.640378
270;997.640378
271;997.640378
272;997.640378
273;997.640378
274;997.640378
275;997.640378
276;997.640378
277;997.640378
278;997.640378
279;997.640378
280;997.640378
281;997.640378
282;997.640378
283;997.640378
284;997.640378
285;997.640378
286;997.640378
287;997.640378
288;997.640378
289;997.640378
290;997.640378
291;997.640378
292;997.640378
293;997.640378
294;997.640378
295;997.640378
296;997.640378
297;997.640378
298;997.640378
299;997.640378
300;997.640378
301;997.640378
302;997.640378
303;997.640378
304;997.640378
305;997.640378
306;997.640378
307;997.640378
308;997.640378
309;997.640378
310;997.640378
311;997.640378
312;997.640378
313;997.640378
314;997.640378
315;997.640378
316;997.640378
317;997.640378
318;997.640378
319;997.640378
320;997.640378
321;997.640378
322;997.640378
323;997.640378
324;997.640378
325;997.640378
326;997.640378
327;997.640378
328;997.640378
329;997.640378
330;997.640378
331;997.640378
332;997.640378
333;997.640378
334;997.640378
335;997.640378
336;997.640378
337;997.640378
338;997.640378
339;997.640378
340;997.640378
341;997.640378
342;997.640378
343;997.640378
344;997.640378
345;997.640378
346;997.640378
347;997.640378
348;997.640378
349;997.640378
350;997.640378
351;997.640378
352;997.640378
353;997.640378
354;997.640378
355;997.640378
356;997.640378
357;997.640378
358;997.640378
359;997.640378
360;997.640378
361;997.640378
362;997.640378
363;997.640378
364;997.640378
365;997.640378
366;997.640378
367;997.640378
368;997.640378
369;997.640378
370;997.640378
371;997.640378
372;997.640378
373;997.640378
374;997.640378
375;997.640378
376;997.640378
377;997.640378
378;997.640378
379;997.640378
380;997.640378
381;997.640378
382;997.640378
383;997.640378
384;997.640378
385;997.640378
386;997.640378
387;997.640378
388;997.640378
389;997.640378
390;997.640378
391;997.640378
392;997.640378
393;997.640378
394;997.640378
395;997.640378
396;997.640378
397;997.640378
398;997.640378
399;997.640378
400;997.640378
401;997.640378
402;997.640378
403;997.640378
404;997.640378
405;997.640378
406;997.640378
407;997.640378
408;997.640378
409;997.640378
410;997.640378
411;997.640378
412;997.640378
413;997.640378
414;997.640378
415;997.640378
416;997.640378
417;997.640378
418;997.640378
419;997.640378
420;997.640378
421;997.640378
422;997.640378
423;997.640378
424;997.640378
425;997.640378
426;997.640378
427;997.640378
428;997.640378
429;997.640378
430;997.640378
431;997.640378
432;997.640378
433;997.640378
434;997.640378
435;997.640378
436;997.640378
437;997.640378
438;997.640378
439;997.640378
440;997.640378
441;997.640378
442;997.640378
443;997.640378
444;997.640378
445;997.640378
446;997.640378
447;997.640378
448;997.640378
449;997.640378
450;997.640378
451;997.640378
452;997.640378
453;997.640378
454;997.640378
455;997.640378
456;997.640378
457;997.640378
458;997.640378
459;997.640378
460;997.640378
461;997.640378
462;997.640378
463;997.640378
464;997.640378
465;997.640378
466;997.640378
467;997.640378
468;997.640378
469;997.640378
470;997.640378
471;997.640378
472;997.640378
473;997.640378
474;997.640378
475;997.640378
476;997.640378
477;997.640378
478;997.640378
479;997.640378
480;997.640378
481;997.640378
482;997.640378
483;997.640378
484;997.640378
485;997.640378
486;997.640378
487;997.640378
488;997.640378
489;997.640378
490;997.640378
491;997.640378
492;997.640378
493;997.640378
494;997.640378
495;997.640378
496;997.640378
497;997.640378
498;997.640378
499;997.640378
500;997.640378
501;997.640378
502;997.640378
503;997.640378
504;997.640378
505;997.640378
506;997.640378
507;997.640378
508;997.640378
509;997.640378
510;997.640378
511;997.640378
512;997.640378
513;997.640378
514;997.640378
515;997.640378
516;997.640378
517;997.640378
518;997.640378
519;997.640378
520;997.640378
521;997.640378
522;997.640378
523;997.640378
524;997.640378
525;997.640378
526;997.640378
527;997.640378
528;997.640378
529;997.640378
530;997.640378
531;997.640378
532;997.640378
533;997.640378
534;997.640378
535;997.640378
536;997.640378
537;997.640378
538;997.640378
539;997.640378
540;997.640378
541;997.640378
542;997.640378
543;997.640378
544;997.640378
545;997.640378
546;997.640378
547;997.640378
548;997.640378
549;997.640378
550;997.640378
551;997.640378
552;997.640378
553;997.640378
554;997.640378
555;997.640378
556;997.640378
557;997.640378
558;997.640378
559;997.640378
560;997.640378
561;997.640378
562;997.640378
563;997.640378
564;997.640378
565;997.640378
566;997.640378
567;997.640378
568;997.640378
569;997.640378
570;997.640378
571;997.640378
572;997.640378
573;997.640378
574;997.640378
575;997.640378
576;997.640378
577;997.640378
578;997.640378
579;997.640378
580;997.640378
581;997.640378
582;997.640378
583;997.640378
584;997.640378
585;997.640378
586;997.640378
587;997.640378
588;997.640378
589;997.640378
590;997.640378
591;997.640378
592;997.640378
593;997.640378
594;997.640378
595;997.640378
596;997.640378
597;997.640378
598;997.640378
599;997.640378
600;997.640378
601;997.640378
602;997.640378
603;997.640378
604;997.640378
605;997.640378
606;997.640378
607;997.640378
608;997.640378
609;997.640378
610;997.640378
611;997.640378
612;997.640378
613;997.640378
614;997.640378
615;997.640378
616;997.640378
617;997.640378
618;997.640378
619;997.640378
620;997.640378
621;997.640378
622;997.640378
623;997.640378
624;997.640378
625;997.640378
626;997.640378
627;997.640378
628;997.640378
629;997.640378
630;997.640378
631;997.640378
632;997.640378
633;997.640378
634;997.640378
635;997.640378
636;997.640378
637;997.640378
638;997.640378
639;997.640378
640;997.640378
641;997.640378
642;997.640378
643;997.640378
644;997.640378
645;997.640378
646;997.640378
647;997.640378
648;997.640378
649;997.640378
650;997.640378
651;997.640378
652;997.640378
653;997.640378
654;997.640378
655;997.640378
656;997.640378
657;997.640378
658;997.640378
659;997.640378
660;997.640378
661;997.640378
662;997.640378
663;997.640378
664;997.640378
665;997.640378
666;997.640378
667;997.640378
668;997.640378
669;997.640378
670;997.640378
671;997.640378
672;997.640378
673;997.640378
674;997.640378
675;997.640378
676;997.640378
677;997.640378
678;997.640378
679;997.640378
680;997.640378
681;997.640378
682;997.640378
683;997.640378
684;997.640378
685;997.640378
686;997.640378
687;997.640378
688;997.640378
689;997.640378
690;997.640378
691;997.640378
692;997.640378
693;997.640378
694;997.640378
695;997.640378
696;997.640378
697;997.640378
698;997.640378
699;997.640378
700;997.640378
701;997.640378
702;997.640378
703;997.640378
704;997.640378
705;997.640378
706;997.640378
707;997.640378
708;997.640378
709;997.640378
710;997.640378
711;997.640378
712;997.640378
713;997.640378
714;997.640378
715;997.640378
716;997.640378
717;997.640378
718;997.640378
719;997.640378
720;997.640378
721;997.640378
722;997.640378
723;997.640378
724;997.640378
725;997.640378
726;997.640378
727;997.640378
728;997.640378
729;997.640378
730;997.640378
731;997.640378
732;997.640378
733;997.640378
734;997.640378
735;997.640378
736;997.640378
737;997.640378
738;997.640378
739;997.640378
740;997.640378
741;997.640378
742;997.640378
743;997.640378
744;997.640378
745;997.640378
746;997.640378
747;997.640378
748;997.640378
749;997.640378
750;997.640378
751;997.640378
752;997.640378
753;997.640378
754;997.640378
755;997.640378
756;997.640378
757;997.640378
758;997.640378
759;997.640378
760;997.640378
761;997.640378
762;997.640378
763;997.640378
764;997.640378
765;997.640378
766;997.640378
767;997.640378
768;997.640378
769;997.640378
770;997.640378
771;997.640378
772;997.640378
773;997.640378
774;997.640378
775;997.640378
776;997.640378
777;997.640378
778;997.640378
779;997.640378
780;997.640378
781;997.640378
782;997.640378
783;997.640378
784;997.640378
785;997.640378
786;997.640378
787;997.640378
788;997.640378
789;997.640378
790;997.640378
791;997.640378
792;997.640378
793;997.640378
794;997.640378
795;997.640378
796;997.640378
797;997.640378
798;997.640378
799;997.640378
800;997.640378
801;997.640378
802;997.640378
803;997.640378
804;997.640378
805;997.640378
806;997.640378
807;997.640378
808;997.640378
809;997.640378
810;997.640378
811;997.640378
812;997.640378
813;997.640378
814;997.640378
815;997.640378
816;997.640378
817;997.640378
818;997.640378
819;997.640378
820;997.640378
821;997.640378
822;997.640378
823;997.640378
824;997.640378
825;997.640378
826;997.640378
827;997.640378
828;997.640378
829;997.640378
830;997.640378
831;997.640378
832;997.640378
833;997.640378
834;997.640378
835;997.640378
836;997.640378
837;997.640378
838;997.640378
839;997.640378
840;997.640378
841;997.640378
842;997.640378
843;997.640378
844;997.640378
845;997.640378
846;997.640378
847;997.640378
848;997.640378
849;997.640378
850;997.640378
851;997.640378
852;997.640378
853;997.640378
854;997.640378
855;997.640378
856;997.640378
857;997.640378
858;997.640378
859;997.640378
860;997.640378
861;997.640378
862;997.640378
863;997.640378
864;997.640378
865;997.640378
866;997.640378
867;997.640378
868;997.640378
869;997.640378
870;997.640378
871;997.640378
872;997.640378
873;997.640378
874;997.640378
875;997.640378
876;997.640378
877;997.640378
878;997.640378
879;997.640378
880;997.640378
881;997.640378
882;997.640378
883;997.640378
884;997.640378
885;997.640378
886;997.640378
887;997.640378
888;997.640378
889;997.640378
890;997.640378
891;997.640378
892;997.640378
893;997.640378
894;997.640378
895;997.640378
896;997.640378
897;997.640378
898;997.640378
899;997.640378
900;997.640378
901;997.640378
902;997.640378
903;997.640378
904;997.640378
905;997.640378
906;997.640378
907;997.640378
908;997.640378
909;997.640378
910;997.640378
911;997.640378
912;997.640378
913;997.640378
914;997.640378
915;997.640378
916;997.640378
917;997.640378
918;997.640378
919;997.640378
920;997.640378
921;997.640378
922;997.640378
923;997.640378
924;997.640378
925;997.640378
926;997.640378
927;997.640378
928;997.640378
929;997.640378
930;997.640378
931;997.640378
932;997.640378
933;997.640378
934;997.640378
935;997.640378
936;997.640378
937;997.640378
938;997.640378
939;997.640378
940;997.640378
941;997.640378
942;997.640378
943;997.640378
944;997.640378
945;997.640378
946;997.640378
947;997.640378
948;997.640378
949;997.640378
950;997.640378
951;997.640378
952;997.640378
953;997.640378
954;997.640378
955;997.640378
956;997.640378
957;997.640378
958;997.640378
959;997.640378
960;997.640378
961;997.640378
962;997.640378
963;997.640378
964;997.640378
965;997.640378
966;997.640378
967;997.640378
968;997.640378
969;997.640378
970;997.640378
971;997.640378
972;997.640378
973;997.640378
974;997.640378
975;997.640378
976;997.640378
977;997.640378
978;997.640378
979;997.640378
980;997.640378
981;997.640378
982;997.640378
983;997.640378
984;997.640378
985;997.640378
986;997.640378
987;997.640378
988;997.640378
989;997.640378
990;997.640378
991;997.640378
992;997.640378
993;997.640378
994;997.640378
995;997.640378
996;997.640378
997;997.640378
998;997.640378
999;997.640378
1000;997.640378
1001;997.640378
1002;997.640378
1003;997.640378
1004;997.640378
1005;997.640378
1006;997.640378
1007;997.640378
1008;997.640378
1009;997.640378
1010;997.640378
1011;997.640378
1012;997.640378
1013;997.640378
1014;997.640378
1015;997.640378
1016;997.640378
1017;997.640378
1018;997.640378
1019;997.640378
1020;997.640378
1021;997.640378
1022;997.640378
1023;997.640378
1024;997.640378
1025;997.640378
1026;997.640378
1027;997.640378
1028;997.640378
1029;997.640378
1030;997.640378
1031;997.640378
1032;997.640378
1033;997.640378
1034;997.640378
1035;997.640378
1036;997.640378
1037;997.640378
1038;997.640378
1039;997.640378
1040;997.640378
1041;997.640378
1042;997.640378
1043;997.640378
1044;997.640378
1045;997.640378
1046;997.640378
1047;997.640378
1048;997.640378
1049;997.640378
1050;997.640378
1051;997.640378
1052;997.640378
1053;997.640378
1054;997.640378
1055;997.640378
1056;997.640378
1057;997.640378
1058;997.640378
1059;997.640378
1060;997.640378
1061;997.640378
1062;997.640378
1063;997.640378
1064;997.640378
1065;997.640378
1066;997.640378
1067;997.640378
1068;997.640378
1069;997.640378
1070;997.640378
1071;997.640378
1072;997.640378
1073;997.640378
1074;997.640378
1075;997.640378
1076;997.640378
1077;997.640378
1078;997.640378
1079;997.640378
1080;997.640378
1081;997.640378
1082;997.640378
1083;997.640378
1084;997.640378
1085;997.640378
1086;997.640378
1087;997.640378
1088;997.640378
1089;997.640378
1090;997.640378
1091;997.640378
1092;997.640378
1093;997.640378
1094;997.640378
1095;997.640378
1096;997.640378
1097;997.640378
1098;997.640378
1099;997.640378
1100;997.640378
1101;997.640378
1102;997.640378
1103;997.640378
1104;997.640378
1105;997.640378
1106;997.640378
1107;997.640378
1108;997.640378
1109;997.640378
1110;997.640378
1111;997.640378
1112;997.640378
1113;997.640378
1114;997.640378
1115;997.640378
1116;997.640378
1117;997.640378
1118;997.640378
1119;997.640378
1120;997.640378
1121;997.640378
1122;997.640378
1123;997.640378
1124;997.640378
1125;997.640378
1126;997.640378
1127;997.640378
1128;997.640378
1129;997.640378
1130;997.640378
1131;997.640378
1132;997.640378
1133;997.640378
1134;997.640378
1135;997.640378
1136;997.640378
1137;997.640378
1138;997.640378
1139;997.640378
1140;997.640378
1141;997.640378
1142;997.640378
1143;997.640378
1144;997.640378
1145;997.640378
1146;997.640378
1147;997.640378
1148;997.640378
1149;997.640378
1150;997.640378
1151;997.640378
1152;997.640378
1153;997.640378
1154;997.640378
1155;997.640378
1156;997.640378
1157;997.640378
1158;997.640378
1159;997.640378
1160;997.640378
1161;997.640378
1162;997.640378
1163;997.640378
1164;997.640378
1165;997.640378
1166;997.640378
1167;997.640378
1168;997.640378
1169;997.640378
1170;997.640378
1171;997.640378
1172;997.640378
1173;997.640378
1174;997.640378
1175;997.640378
1176;997.640378
1177;997.640378
1178;997.640378
1179;997.640378
1180;997.640378
1181;997.640378
1182;997.640378
1183;997.640378
1184;997.640378
1185;997.640378
1186;997.640378
1187;997.640378
1188;997.640378
1189;997.640378
1190;997.640378
1191;997.640378
1192;997.640378
1193;997.640378
1194;997.640378
1195;997.640378
1196;997.640378
1197;997.640378
1198;997.640378
1199;997.640378
1200;997.640378
1201;997.640378
1202;997.640378
1203;997.640378
1204;997.640378
1205;997.640378
1206;997.640378
1207;997.640378
1208;997.640378
1209;997.640378
1210;997.640378
1211;997.640378
1212;997.640378
1213;997.640378
1214;997.640378
1215;997.640378
1216;997.640378
1217;997.640378
1218;997.640378
1219;997.640378
1220;997.640378
1221;997.640378
1222;997.640378
1223;997.640378
1224;997.640378
1225;997.640378
1226;997.640378
1227;997.640378
1228;997.640378
1229;997.640378
1230;997.640378
1231;997.640378
1232;997.640378
1233;997.640378
1234;997.640378
1235;997.640378
1236;997.640378
1237;997.640378
1238;997.640378
1239;997.640378
1240;997.640378
1241;997.640378
1242;997.640378
1243;997.640378
1244;997.640378
1245;997.640378
1246;997.640378
1247;997.640378
1248;997.640378
1249;997.640378
1250;997.640378
1251;997.640378
1252;997.640378
1253;997.640378
1254;997.640378
1255;997.640378
1256;997.640378
1257;997.640378
1258;997.640378
1259;997.640378
1260;997.640378
1261;997.640378
1262;997.640378
1263;997.640378
1264;997.640378
1265;997.640378
1266;997.640378
1267;997.640378
1268;997.640378
1269;997.640378
1270;997.640378
1271;997.640378
1272;997.640378
1273;997.640378
1274;997.640378
1275;997.640378
1276;997.640378
1277;997.640378
1278;997.640378
1279;997.640378
1280;997.640378
1281;997.640378
1282;997.640378
1283;997.640378
1284;997.640378
1285;997.640378
1286;997.640378
1287;997.640378
1288;997.640378
1289;997.640378
1290;997.640378
1291;997.640378
1292;997.640378
1293;997.640378
1294;997.640378
1295;997.640378
1296;997.640378
1297;997.640378
1298;997.640378
1299;997.640378
1300;997.640378
1301;997.640378
1302;997.640378
1303;997.640378
1304;997.640378
1305;997.640378
1306;997.640378
1307;997.640378
1308;997.640378
1309;997.640378
1310;997.640378
1311;997.640378
1312;997.640378
1313;997.640378
1314;997.640378
1315;997.640378
1316;997.640378
1317;997.640378
1318;997.640378
1319;997.640378
1320;997.640378
1321;997.640378
1322;997.640378
1323;997.640378
1324;997.640378
1325;997.640378
1326;997.640378
1327;997.640378
1328;997.640378
1329;997.640378
1330;997.640378
1331;997.640378
1332;997.640378
1333;997.640378
1334;997.640378
1335;997.640378
1336;997.640378
1337;997.640378
1338;997.640378
1339;997.640378
1340;997.640378
1341;997.640378
1342;997.640378
1343;997.640378
1344;997.640378
1345;997.640378
1346;997.640378
1347;997.640378
1348;997.640378
1349;997.640378
1350;997.640378
1351;997.640378
1352;997.640378
1353;997.640378
1354;997.640378
1355;997.640378
1356;997.640378
1357;997.640378
1358;997.640378
1359;997.640378
1360;997.640378
1361;997.640378
1362;997.640378
1363;997.640378
1364;997.640378
1365;997.640378
1366;997.640378
1367;997.640378
1368;997.640378
1369;997.640378
1370;997.640378
1371;997.640378
1372;997.640378
1373;997.640378
1374;997.640378
1375;997.640378
1376;997.640378
1377;997.640378
1378;997.640378
1379;997.640378
1380;997.640378
1381;997.640378
1382;997.640378
1383;997.640378
1384;997.640378
1385;997.640378
1386;997.640378
1387;997.640378
1388;997.640378
1389;997.640378
1390;997.640378
1391;997.640378
1392;997.640378
1393;997.640378
1394;997.640378
1395;997.640378
1396;997.640378
1397;997.640378
1398;997.640378
1399;997.640378
1400;997.640378
1401;997.640378
1402;997.640378
1403;997.640378
1404;997.640378
1405;997.640378
1406;997.640378
1407;997.640378
1408;997.640378
1409;997.640378
1410;997.640378
1411;997.640378
1412;997.640378
1413;997.640378
1414;997.640378
1415;997.640378
1416;997.640378
1417;997.640378
1418;997.640378
1419;997.640378
1420;997.640378
1421;997.640378
1422;997.640378
1423;997.640378
1424;997.640378
1425;997.640378
1426;997.640378
1427;997.640378
1428;997.640378
1429;997.640378
1430;997.640378
1431;997.640378
1432;997.640378
1433;997.640378
1434;997.640378
1435;997.640378
1436;997.640378
1437;997.640378
1438;997.640378
1439;997.640378
1440;997.640378
1441;997.640378
1442;997.640378
1443;997.640378
1444;997.640378
1445;997.640378
1446;997.640378
1447;997.640378
1448;997.640378
1449;997.640378
1450;997.640378
1451;997.640378
1452;997.640378
1453;997.640378
1454;997.640378
1455;997.640378
1456;997.640378
1457;997.640378
1458;997.640378
1459;997.640378
1460;997.640378
1461;997.640378
1462;997.640378
1463;997.640378
1464;997.640378
1465;997.640378
1466;997.640378
1467;997.640378
1468;997.640378
1469;997.640378
1470;997.640378
1471;997.640378
1472;997.640378
1473;997.640378
1474;997.640378
1475;997.640378
1476;997.640378
1477;997.640378
1478;997.640378
1479;997.640378
1480;997.640378
1481;997.640378
1482;997.640378
1483;997.640378
1484;997.640378
1485;997.640378
1486;997.640378
1487;997.640378
1488;997.640378
1489;997.640378
1490;997.640378
1491;997.640378
1492;997.640378
1493;997.640378
1494;997.640378
1495;997.640378
1496;997.640378
1497;997.640378
1498;997.640378
1499;997.640378
1500;997.640378
1501;997.640378
1502;997.640378
1503;997.640378
1504;997.640378
1505;997.640378
1506;997.640378
1507;997.640378
1508;997.640378
1509;997.640378
1510;997.640378
1511;997.640378
1512;997.640378
1513;997.640378
1514;997.640378
1515;997.640378
1516;997.640378
1517;997.640378
1518;997.640378
1519;997.640378
1520;997.640378
1521;997.640378
1522;997.640378
1523;997.640378
1524;997.640378
1525;997.640378
1526;997.640378
1527;997.640378
1528;997.640378
1529;997.640378
1530;997.640378
1531;997.640378
1532;997.640378
1533;997.640378
1534;997.640378
1535;997.640378
1536;997.640378
1537;997.640378
1538;997.640378
1539;997.640378
1540;997.640378
1541;997.640378
1542;997.640378
1543;997.640378
1544;997.640378
1545;997.640378
1546;997.640378
1547;997.640378
1548;997.640378
1549;997.640378
1550;997.640378
1551;997.640378
1552;997.640378
1553;997.640378
1554;997.640378
1555;997.640378
1556;997.640378
1557;997.640378
1558;997.640378
1559;997.640378
1560;997.640378
1561;997.640378
1562;997.640378
1563;997.640378
1564;997.640378
1565;997.640378
1566;997.640378
1567;997.640378
1568;997.640378
1569;997.640378
1570;997.640378
1571;997.640378
1572;997.640378
1573;997.640378
1574;997.640378
1575;997.640378
1576;997.640378
1577;997.640378
1578;997.640378
1579;997.640378
1580;997.640378
1581;997.640378
1582;997.640378
1583;997.640378
1584;997.640378
1585;997.640378
1586;997.640378
1587;997.640378
1588;997.640378
1589;997.640378
1590;997.640378
1591;997.640378
1592;997.640378
1593;997.640378
1594;997.640378
1595;997.640378
1596;997.640378
1597;997.640378
1598;997.640378
1599;997.640378
1600;997.640378
1601;997.640378
1602;997.640378
1603;997.640378
1604;997.640378
1605;997.640378
1606;997.640378
1607;997.640378
1608;997.640378
1609;997.640378
1610;997.640378
1611;997.640378
1612;997.640378
1613;997.640378
1614;997.640378
1615;997.640378
1616;997.640378
1617;997.640378
1618;997.640378
1619;997.640378
1620;997.640378
1621;997.640378
1622;997.640378
1623;997.640378
1624;997.640378
1625;997.640378
1626;997.640378
1627;997.640378
1628;997.640378
1629;997.640378
1630;997.640378
1631;997.640378
1632;997.640378
1633;997.640378
1634;997.640378
1635;997.640378
1636;997.640378
1637;997.640378
1638;997.640378
1639;997.640378
1640;997.640378
1641;997.640378
1642;997.640378
1643;997.640378
1644;997.640378
1645;997.640378
1646;997.640378
1647;997.640378
1648;997.640378
1649;997.640378
1650;997.640378
1651;997.640378
1652;997.640378
1653;997.640378
1654;997.640378
1655;997.640378
1656;997.640378
1657;997.640378
1658;997.640378
1659;997.640378
1660;997.640378
1661;997.640378
1662;997.640378
1663;997.640378
1664;997.640378
1665;997.640378
1666;997.640378
1667;997.640378
1668;997.640378
1669;997.640378
1670;997.640378
1671;997.640378
1672;997.640378
1673;997.640378
1674;997.640378
1675;997.640378
1676;997.640378
1677;997.640378
1678;997.640378
1679;997.640378
1680;997.640378
1681;997.640378
1682;997.640378
1683;997.640378
1684;997.640378
1685;997.640378
1686;997.640378
1687;997.640378
1688;997.640378
1689;997.640378
1690;997.640378
1691;997.640378
1692;997.640378
1693;997.640378
1694;997.640378
1695;997.640378
1696;997.640378
1697;997.640378
1698;997.640378
1699;997.640378
1700;997.640378
1701;997.640378
1702;997.640378
1703;997.640378
1704;997.640378
1705;997.640378
1706;997.640378
1707;997.640378
1708;997.640378
1709;997.640378
1710;997.640378
1711;997.640378
1712;997.640378
1713;997.640378
