1;937.876228
2;937.876228
3;937.876228
4;937.876228
5;937.876228
6;937.876228
7;922.043843
8;922.043843
9;922.043843
10;922.043843
11;922.043843
12;922.043843
13;922.043843
14;922.043843
15;922.043843
16;922.043843
17;922.043843
18;922.043843
19;922.043843
20;922.043843
21;922.043843
22;922.043843
23;922.043843
24;922.043843
25;922.043843
26;922.043843
27;922.043843
28;922.043843
29;922.043843
30;922.043843
31;922.043843
32;922.043843
33;922.043843
34;922.043843
35;922.043843
36;922.043843
37;922.043843
38;922.043843
39;922.043843
40;922.043843
41;922.043843
42;922.043843
43;922.043843
44;922.043843
45;922.043843
46;922.043843
47;922.043843
48;922.043843
49;922.043843
50;922.043843
51;922.043843
52;922.043843
53;922.043843
54;922.043843
55;922.043843
56;922.043843
57;922.043843
58;922.043843
59;922.043843
60;922.043843
61;922.043843
62;922.043843
63;922.043843
64;922.043843
65;922.043843
66;922.043843
67;922.043843
68;922.043843
69;922.043843
70;922.043843
71;922.043843
72;922.043843
73;922.043843
74;922.043843
75;922.043843
76;922.043843
77;922.043843
78;922.043843
79;922.043843
80;922.043843
81;922.043843
82;922.043843
83;922.043843
84;922.043843
85;922.043843
86;922.043843
87;922.043843
88;922.043843
89;922.043843
90;922.043843
91;922.043843
92;922.043843
93;922.043843
94;922.043843
95;922.043843
96;922.043843
97;922.043843
98;922.043843
99;922.043843
100;922.043843
101;922.043843
102;922.043843
103;922.043843
104;922.043843
105;922.043843
106;922.043843
107;922.043843
108;922.043843
109;922.043843
110;922.043843
111;922.043843
112;922.043843
113;922.043843
114;922.043843
115;922.043843
116;922.043843
117;922.043843
118;922.043843
119;922.043843
120;922.043843
121;922.043843
122;922.043843
123;922.043843
124;922.043843
125;922.043843
126;922.043843
127;922.043843
128;922.043843
129;922.043843
130;922.043843
131;922.043843
132;922.043843
133;922.043843
134;922.043843
135;922.043843
136;922.043843
137;922.043843
138;922.043843
139;922.043843
140;922.043843
141;922.043843
142;922.043843
143;922.043843
144;922.043843
145;922.043843
146;922.043843
147;922.043843
148;922.043843
149;922.043843
150;922.043843
151;922.043843
152;922.043843
153;922.043843
154;922.043843
155;922.043843
156;922.043843
157;922.043843
158;922.043843
159;922.043843
160;922.043843
161;922.043843
162;922.043843
163;922.043843
164;922.043843
165;922.043843
166;922.043843
167;922.043843
168;922.043843
169;922.043843
170;922.043843
171;922.043843
172;922.043843
173;922.043843
174;922.043843
175;922.043843
176;922.043843
177;922.043843
178;922.043843
179;922.043843
180;922.043843
181;922.043843
182;922.043843
183;922.043843
184;922.043843
185;922.043843
186;922.043843
187;922.043843
188;922.043843
189;922.043843
190;922.043843
191;922.043843
192;922.043843
193;922.043843
194;922.043843
195;922.043843
196;922.043843
197;922.043843
198;922.043843
199;922.043843
200;922.043843
201;922.043843
202;922.043843
203;922.043843
204;922.043843
205;922.043843
206;922.043843
207;922.043843
208;922.043843
209;922.043843
210;922.043843
211;922.043843
212;922.043843
213;922.043843
214;922.043843
215;922.043843
216;922.043843
217;922.043843
218;922.043843
219;922.043843
220;922.043843
221;922.043843
222;922.043843
223;922.043843
224;922.043843
225;922.043843
226;922.043843
227;922.043843
228;922.043843
229;922.043843
230;922.043843
231;922.043843
232;922.043843
233;922.043843
234;922.043843
235;922.043843
236;922.043843
237;922.043843
238;922.043843
239;922.043843
240;922.043843
241;922.043843
242;922.043843
243;922.043843
244;922.043843
245;922.043843
246;922.043843
247;922.043843
248;922.043843
249;922.043843
250;922.043843
251;922.043843
252;922.043843
253;922.043843
254;922.043843
255;922.043843
256;922.043843
257;922.043843
258;922.043843
259;922.043843
260;922.043843
261;922.043843
262;922.043843
263;922.043843
264;922.043843
265;922.043843
266;922.043843
267;922.043843
268;922.043843
269;922.043843
270;922.043843
271;922.043843
272;922.043843
273;922.043843
274;922.043843
275;922.043843
276;922.043843
277;922.043843
278;922.043843
279;922.043843
280;922.043843
281;922.043843
282;922.043843
283;922.043843
284;922.043843
285;922.043843
286;922.043843
287;922.043843
288;922.043843
289;922.043843
290;922.043843
291;922.043843
292;922.043843
293;922.043843
294;922.043843
295;922.043843
296;922.043843
297;922.043843
298;922.043843
299;922.043843
300;922.043843
301;922.043843
302;922.043843
303;922.043843
304;922.043843
305;922.043843
306;922.043843
307;922.043843
308;922.043843
309;922.043843
310;922.043843
311;922.043843
312;922.043843
313;922.043843
314;922.043843
315;922.043843
316;922.043843
317;922.043843
318;922.043843
319;922.043843
320;922.043843
321;922.043843
322;922.043843
323;922.043843
324;922.043843
325;922.043843
326;922.043843
327;922.043843
328;922.043843
329;922.043843
330;922.043843
331;922.043843
332;922.043843
333;922.043843
334;922.043843
335;922.043843
336;922.043843
337;922.043843
338;922.043843
339;922.043843
340;922.043843
341;922.043843
342;922.043843
343;922.043843
344;922.043843
345;922.043843
346;922.043843
347;922.043843
348;922.043843
349;922.043843
350;922.043843
351;922.043843
352;922.043843
353;922.043843
354;922.043843
355;922.043843
356;922.043843
357;922.043843
358;922.043843
359;922.043843
360;922.043843
361;922.043843
362;922.043843
363;922.043843
364;922.043843
365;922.043843
366;922.043843
367;922.043843
368;922.043843
369;922.043843
370;922.043843
371;922.043843
372;922.043843
373;922.043843
374;922.043843
375;922.043843
376;922.043843
377;922.043843
378;922.043843
379;922.043843
380;922.043843
381;922.043843
382;922.043843
383;922.043843
384;922.043843
385;922.043843
386;922.043843
387;922.043843
388;922.043843
389;922.043843
390;922.043843
391;922.043843
392;922.043843
393;922.043843
394;922.043843
395;922.043843
396;922.043843
397;922.043843
398;922.043843
399;922.043843
400;922.043843
401;922.043843
402;922.043843
403;922.043843
404;922.043843
405;922.043843
406;922.043843
407;922.043843
408;922.043843
409;922.043843
410;922.043843
411;922.043843
412;922.043843
413;922.043843
414;922.043843
415;922.043843
416;922.043843
417;922.043843
418;922.043843
419;922.043843
420;922.043843
421;922.043843
422;922.043843
423;922.043843
424;922.043843
425;922.043843
426;922.043843
427;922.043843
428;922.043843
429;922.043843
430;922.043843
431;922.043843
432;922.043843
433;922.043843
434;922.043843
435;922.043843
436;922.043843
437;922.043843
438;922.043843
439;922.043843
440;922.043843
441;922.043843
442;922.043843
443;922.043843
444;922.043843
445;922.043843
446;922.043843
447;922.043843
448;922.043843
449;922.043843
450;922.043843
451;922.043843
452;922.043843
453;922.043843
454;922.043843
455;922.043843
456;922.043843
457;922.043843
458;922.043843
459;922.043843
460;922.043843
461;922.043843
462;922.043843
463;922.043843
464;922.043843
465;922.043843
466;922.043843
467;922.043843
468;922.043843
469;922.043843
470;922.043843
471;922.043843
472;922.043843
473;922.043843
474;922.043843
475;922.043843
476;922.043843
477;922.043843
478;922.043843
479;922.043843
480;922.043843
481;922.043843
482;922.043843
483;922.043843
484;922.043843
485;922.043843
486;922.043843
487;922.043843
488;922.043843
489;922.043843
490;922.043843
491;922.043843
492;922.043843
493;922.043843
494;922.043843
495;922.043843
496;922.043843
497;922.043843
498;922.043843
499;922.043843
500;922.043843
501;922.043843
502;922.043843
503;922.043843
504;922.043843
505;922.043843
506;922.043843
507;922.043843
508;922.043843
509;922.043843
510;922.043843
511;922.043843
512;922.043843
513;922.043843
514;922.043843
515;922.043843
516;922.043843
517;922.043843
518;922.043843
519;922.043843
520;922.043843
521;922.043843
522;922.043843
523;922.043843
524;922.043843
525;922.043843
526;922.043843
527;922.043843
528;922.043843
529;922.043843
530;922.043843
531;922.043843
532;922.043843
533;922.043843
534;922.043843
535;922.043843
536;922.043843
537;922.043843
538;922.043843
539;922.043843
540;922.043843
541;922.043843
542;922.043843
543;922.043843
544;922.043843
545;922.043843
546;922.043843
547;922.043843
548;922.043843
549;922.043843
550;922.043843
551;922.043843
552;922.043843
553;922.043843
554;922.043843
555;922.043843
556;922.043843
557;922.043843
558;922.043843
559;922.043843
560;922.043843
561;922.043843
562;922.043843
563;922.043843
564;922.043843
565;922.043843
566;922.043843
567;922.043843
568;922.043843
569;922.043843
570;922.043843
571;922.043843
572;922.043843
573;922.043843
574;922.043843
575;922.043843
576;922.043843
577;922.043843
578;922.043843
579;922.043843
580;922.043843
581;922.043843
582;922.043843
583;922.043843
584;922.043843
585;922.043843
586;922.043843
587;922.043843
588;922.043843
589;922.043843
590;922.043843
591;922.043843
592;922.043843
593;922.043843
594;922.043843
595;922.043843
596;922.043843
597;922.043843
598;922.043843
599;922.043843
600;922.043843
601;922.043843
602;922.043843
603;922.043843
604;922.043843
605;922.043843
606;922.043843
607;922.043843
608;922.043843
609;922.043843
610;922.043843
611;922.043843
612;922.043843
613;922.043843
614;922.043843
615;922.043843
616;922.043843
617;922.043843
618;922.043843
619;922.043843
620;922.043843
621;922.043843
622;922.043843
623;922.043843
624;922.043843
625;922.043843
626;922.043843
627;922.043843
628;922.043843
629;922.043843
630;922.043843
631;922.043843
632;922.043843
633;922.043843
634;922.043843
635;922.043843
636;922.043843
637;922.043843
638;922.043843
639;922.043843
640;922.043843
641;922.043843
642;922.043843
643;922.043843
644;922.043843
645;922.043843
646;922.043843
647;922.043843
648;922.043843
649;922.043843
650;922.043843
651;922.043843
652;922.043843
653;922.043843
654;922.043843
655;922.043843
656;922.043843
657;922.043843
658;922.043843
659;922.043843
660;922.043843
661;922.043843
662;922.043843
663;922.043843
664;922.043843
665;922.043843
666;922.043843
667;922.043843
668;922.043843
669;922.043843
670;922.043843
671;922.043843
672;922.043843
673;922.043843
674;922.043843
675;922.043843
676;922.043843
677;922.043843
678;922.043843
679;922.043843
680;922.043843
681;922.043843
682;922.043843
683;922.043843
684;922.043843
685;922.043843
686;922.043843
687;922.043843
688;922.043843
689;922.043843
690;922.043843
691;922.043843
692;922.043843
693;922.043843
694;922.043843
695;922.043843
696;922.043843
697;922.043843
698;922.043843
699;922.043843
700;922.043843
701;922.043843
702;922.043843
703;922.043843
704;922.043843
705;922.043843
706;922.043843
707;922.043843
708;922.043843
709;922.043843
710;922.043843
711;922.043843
712;922.043843
713;922.043843
714;922.043843
715;922.043843
716;922.043843
717;922.043843
718;922.043843
719;922.043843
720;922.043843
721;922.043843
722;922.043843
723;922.043843
724;922.043843
725;922.043843
726;922.043843
727;922.043843
728;922.043843
729;922.043843
730;922.043843
731;922.043843
732;922.043843
733;922.043843
734;922.043843
735;922.043843
736;922.043843
737;922.043843
738;922.043843
739;922.043843
740;922.043843
741;922.043843
742;922.043843
743;922.043843
744;922.043843
745;922.043843
746;922.043843
747;922.043843
748;922.043843
749;922.043843
750;922.043843
751;922.043843
752;922.043843
753;922.043843
754;922.043843
755;922.043843
756;922.043843
757;922.043843
758;922.043843
759;922.043843
760;922.043843
761;922.043843
762;922.043843
763;922.043843
764;922.043843
765;922.043843
766;922.043843
767;922.043843
768;922.043843
769;922.043843
770;922.043843
771;922.043843
772;922.043843
773;922.043843
774;922.043843
775;922.043843
776;922.043843
777;922.043843
778;922.043843
779;922.043843
780;922.043843
781;922.043843
782;922.043843
783;922.043843
784;922.043843
785;922.043843
786;922.043843
787;922.043843
788;922.043843
789;922.043843
790;922.043843
791;922.043843
792;922.043843
793;922.043843
794;922.043843
795;922.043843
796;922.043843
797;922.043843
798;922.043843
799;922.043843
800;922.043843
801;922.043843
802;922.043843
803;922.043843
804;922.043843
805;922.043843
806;922.043843
807;922.043843
808;922.043843
809;922.043843
810;922.043843
811;922.043843
812;922.043843
813;922.043843
814;922.043843
815;922.043843
816;922.043843
817;922.043843
818;922.043843
819;922.043843
820;922.043843
821;922.043843
822;922.043843
823;922.043843
824;922.043843
825;922.043843
826;922.043843
827;922.043843
828;922.043843
829;922.043843
830;922.043843
831;922.043843
832;922.043843
833;922.043843
834;922.043843
835;922.043843
836;922.043843
837;922.043843
838;922.043843
839;922.043843
840;922.043843
841;922.043843
842;922.043843
843;922.043843
844;922.043843
845;922.043843
846;922.043843
847;922.043843
848;922.043843
849;922.043843
850;922.043843
851;922.043843
852;922.043843
853;922.043843
854;922.043843
855;922.043843
856;922.043843
857;922.043843
858;922.043843
859;922.043843
860;922.043843
861;922.043843
862;922.043843
863;922.043843
864;922.043843
865;922.043843
866;922.043843
867;922.043843
868;922.043843
869;922.043843
870;922.043843
871;922.043843
872;922.043843
873;922.043843
874;922.043843
875;922.043843
876;922.043843
877;922.043843
878;922.043843
879;922.043843
880;922.043843
881;922.043843
882;922.043843
883;922.043843
884;922.043843
885;922.043843
886;922.043843
887;922.043843
888;922.043843
889;922.043843
890;922.043843
891;922.043843
892;922.043843
893;922.043843
894;922.043843
895;922.043843
896;922.043843
897;922.043843
898;922.043843
899;922.043843
900;922.043843
901;922.043843
902;922.043843
903;922.043843
904;922.043843
905;922.043843
906;922.043843
907;922.043843
908;922.043843
909;922.043843
910;922.043843
911;922.043843
912;922.043843
913;922.043843
914;922.043843
915;922.043843
916;922.043843
917;922.043843
918;922.043843
919;922.043843
920;922.043843
921;922.043843
922;922.043843
923;922.043843
924;922.043843
925;922.043843
926;922.043843
927;922.043843
928;922.043843
929;922.043843
930;922.043843
931;922.043843
932;922.043843
933;922.043843
934;922.043843
935;922.043843
936;922.043843
937;922.043843
938;922.043843
939;922.043843
940;922.043843
941;922.043843
942;922.043843
943;922.043843
944;922.043843
945;922.043843
946;922.043843
947;922.043843
948;922.043843
949;922.043843
950;922.043843
951;922.043843
952;922.043843
953;922.043843
954;922.043843
955;922.043843
956;922.043843
957;922.043843
958;922.043843
959;922.043843
960;922.043843
961;922.043843
962;922.043843
963;922.043843
964;922.043843
965;922.043843
966;922.043843
967;922.043843
968;922.043843
969;922.043843
970;922.043843
971;922.043843
972;922.043843
973;922.043843
974;922.043843
975;922.043843
976;922.043843
977;922.043843
978;922.043843
979;922.043843
980;922.043843
981;922.043843
982;922.043843
983;922.043843
984;922.043843
985;922.043843
986;922.043843
987;922.043843
988;922.043843
989;922.043843
990;922.043843
991;922.043843
992;922.043843
993;922.043843
994;922.043843
995;922.043843
996;922.043843
997;922.043843
998;922.043843
999;922.043843
1000;922.043843
1001;922.043843
1002;922.043843
1003;922.043843
1004;922.043843
1005;922.043843
1006;922.043843
1007;922.043843
1008;922.043843
1009;922.043843
1010;922.043843
1011;922.043843
1012;922.043843
1013;922.043843
1014;922.043843
1015;922.043843
1016;922.043843
1017;922.043843
1018;922.043843
1019;922.043843
1020;922.043843
1021;922.043843
1022;922.043843
1023;922.043843
1024;922.043843
1025;922.043843
1026;922.043843
1027;922.043843
1028;922.043843
1029;922.043843
1030;922.043843
1031;922.043843
1032;922.043843
1033;922.043843
1034;922.043843
1035;922.043843
1036;922.043843
1037;922.043843
1038;922.043843
1039;922.043843
1040;922.043843
1041;922.043843
1042;922.043843
1043;922.043843
1044;922.043843
1045;922.043843
1046;922.043843
1047;922.043843
1048;922.043843
1049;922.043843
1050;922.043843
1051;922.043843
1052;922.043843
1053;922.043843
1054;922.043843
1055;922.043843
1056;922.043843
1057;922.043843
1058;922.043843
1059;922.043843
1060;922.043843
1061;922.043843
1062;922.043843
1063;922.043843
1064;922.043843
1065;922.043843
1066;922.043843
1067;922.043843
1068;922.043843
1069;922.043843
1070;922.043843
1071;922.043843
1072;922.043843
1073;922.043843
1074;922.043843
1075;922.043843
1076;922.043843
1077;922.043843
1078;922.043843
1079;922.043843
1080;922.043843
1081;922.043843
1082;922.043843
1083;922.043843
1084;922.043843
1085;922.043843
1086;922.043843
1087;922.043843
1088;922.043843
1089;922.043843
1090;922.043843
1091;922.043843
1092;922.043843
1093;922.043843
1094;922.043843
1095;922.043843
1096;922.043843
1097;922.043843
1098;922.043843
1099;922.043843
1100;922.043843
1101;922.043843
1102;922.043843
1103;922.043843
1104;922.043843
1105;922.043843
1106;922.043843
1107;922.043843
1108;922.043843
1109;922.043843
1110;922.043843
1111;922.043843
1112;922.043843
1113;922.043843
1114;922.043843
1115;922.043843
1116;922.043843
1117;922.043843
1118;922.043843
1119;922.043843
1120;922.043843
1121;922.043843
1122;922.043843
1123;922.043843
1124;922.043843
1125;922.043843
1126;922.043843
1127;922.043843
1128;922.043843
1129;922.043843
1130;922.043843
1131;922.043843
1132;922.043843
1133;922.043843
1134;922.043843
1135;922.043843
1136;922.043843
1137;922.043843
1138;922.043843
1139;922.043843
1140;922.043843
1141;922.043843
1142;922.043843
1143;922.043843
1144;922.043843
1145;922.043843
1146;922.043843
1147;922.043843
1148;922.043843
1149;922.043843
1150;922.043843
1151;922.043843
1152;922.043843
1153;922.043843
1154;922.043843
1155;922.043843
1156;922.043843
1157;922.043843
1158;922.043843
1159;922.043843
1160;922.043843
1161;922.043843
1162;922.043843
1163;922.043843
1164;922.043843
1165;922.043843
1166;922.043843
1167;922.043843
1168;922.043843
1169;922.043843
1170;922.043843
1171;922.043843
1172;922.043843
1173;922.043843
1174;922.043843
1175;922.043843
1176;922.043843
1177;922.043843
1178;922.043843
1179;922.043843
1180;922.043843
1181;922.043843
1182;922.043843
1183;922.043843
1184;922.043843
1185;922.043843
1186;922.043843
1187;922.043843
1188;922.043843
1189;922.043843
1190;922.043843
1191;922.043843
1192;922.043843
1193;922.043843
1194;922.043843
1195;922.043843
1196;922.043843
1197;922.043843
1198;922.043843
1199;922.043843
1200;922.043843
1201;922.043843
1202;922.043843
1203;922.043843
1204;922.043843
1205;922.043843
1206;922.043843
1207;922.043843
1208;922.043843
1209;922.043843
1210;922.043843
1211;922.043843
1212;922.043843
1213;922.043843
1214;922.043843
1215;922.043843
1216;922.043843
1217;922.043843
1218;922.043843
1219;922.043843
1220;922.043843
1221;922.043843
1222;922.043843
1223;922.043843
1224;922.043843
1225;922.043843
1226;922.043843
1227;922.043843
1228;922.043843
1229;922.043843
1230;922.043843
1231;922.043843
1232;922.043843
1233;922.043843
1234;922.043843
1235;922.043843
1236;922.043843
1237;922.043843
1238;922.043843
1239;922.043843
1240;922.043843
1241;922.043843
1242;922.043843
1243;922.043843
1244;922.043843
1245;922.043843
1246;922.043843
1247;922.043843
1248;922.043843
1249;922.043843
1250;922.043843
1251;922.043843
1252;922.043843
1253;922.043843
1254;922.043843
1255;922.043843
1256;922.043843
1257;922.043843
1258;922.043843
1259;922.043843
1260;922.043843
1261;922.043843
1262;922.043843
1263;922.043843
1264;922.043843
1265;922.043843
1266;922.043843
1267;922.043843
1268;922.043843
1269;922.043843
1270;922.043843
1271;922.043843
1272;922.043843
1273;922.043843
1274;922.043843
1275;922.043843
1276;922.043843
1277;922.043843
1278;922.043843
1279;922.043843
1280;922.043843
1281;922.043843
1282;922.043843
1283;922.043843
1284;922.043843
1285;922.043843
1286;922.043843
1287;922.043843
1288;922.043843
1289;922.043843
1290;922.043843
1291;922.043843
1292;922.043843
1293;922.043843
1294;922.043843
1295;922.043843
1296;922.043843
1297;922.043843
1298;922.043843
1299;922.043843
1300;922.043843
1301;922.043843
1302;922.043843
1303;922.043843
1304;922.043843
1305;922.043843
1306;922.043843
1307;922.043843
1308;922.043843
1309;922.043843
1310;922.043843
1311;922.043843
1312;922.043843
1313;922.043843
1314;922.043843
1315;922.043843
1316;922.043843
1317;922.043843
1318;922.043843
1319;922.043843
1320;922.043843
1321;922.043843
1322;922.043843
1323;922.043843
1324;922.043843
1325;922.043843
1326;922.043843
1327;922.043843
1328;922.043843
1329;922.043843
1330;922.043843
1331;922.043843
1332;922.043843
1333;922.043843
1334;922.043843
1335;922.043843
1336;922.043843
1337;922.043843
1338;922.043843
1339;922.043843
1340;922.043843
1341;922.043843
1342;922.043843
1343;922.043843
1344;922.043843
1345;922.043843
1346;922.043843
1347;922.043843
1348;922.043843
1349;922.043843
1350;922.043843
1351;922.043843
1352;922.043843
1353;922.043843
1354;922.043843
1355;922.043843
1356;922.043843
1357;922.043843
1358;922.043843
1359;922.043843
1360;922.043843
1361;922.043843
1362;922.043843
1363;922.043843
1364;922.043843
1365;922.043843
1366;922.043843
1367;922.043843
1368;922.043843
1369;922.043843
1370;922.043843
1371;922.043843
1372;922.043843
1373;922.043843
1374;922.043843
1375;922.043843
1376;922.043843
1377;922.043843
1378;922.043843
1379;922.043843
1380;922.043843
1381;922.043843
1382;922.043843
1383;922.043843
1384;922.043843
1385;922.043843
1386;922.043843
1387;922.043843
1388;922.043843
1389;922.043843
1390;922.043843
1391;922.043843
1392;922.043843
1393;922.043843
1394;922.043843
1395;922.043843
1396;922.043843
1397;922.043843
1398;922.043843
1399;922.043843
1400;922.043843
1401;922.043843
1402;922.043843
1403;922.043843
1404;922.043843
1405;922.043843
1406;922.043843
1407;922.043843
1408;922.043843
1409;922.043843
1410;922.043843
1411;922.043843
1412;922.043843
1413;922.043843
1414;922.043843
1415;922.043843
1416;922.043843
1417;922.043843
1418;922.043843
1419;922.043843
1420;922.043843
1421;922.043843
1422;922.043843
1423;922.043843
1424;922.043843
1425;922.043843
1426;922.043843
1427;922.043843
1428;922.043843
1429;922.043843
1430;922.043843
1431;922.043843
1432;922.043843
1433;922.043843
1434;922.043843
1435;922.043843
1436;922.043843
1437;922.043843
1438;922.043843
1439;922.043843
1440;922.043843
1441;922.043843
1442;922.043843
1443;922.043843
1444;922.043843
1445;922.043843
1446;922.043843
1447;922.043843
1448;922.043843
1449;922.043843
1450;922.043843
1451;922.043843
1452;922.043843
1453;922.043843
1454;922.043843
1455;922.043843
1456;922.043843
1457;922.043843
1458;922.043843
1459;922.043843
1460;922.043843
1461;922.043843
1462;922.043843
1463;922.043843
1464;922.043843
1465;922.043843
1466;922.043843
1467;922.043843
1468;922.043843
1469;922.043843
1470;922.043843
1471;922.043843
1472;922.043843
1473;922.043843
1474;922.043843
1475;922.043843
1476;922.043843
1477;922.043843
1478;922.043843
1479;922.043843
1480;922.043843
1481;922.043843
1482;922.043843
1483;922.043843
1484;922.043843
1485;922.043843
1486;922.043843
1487;922.043843
1488;922.043843
1489;922.043843
1490;922.043843
1491;922.043843
1492;922.043843
1493;922.043843
1494;922.043843
1495;922.043843
1496;922.043843
1497;922.043843
1498;922.043843
1499;922.043843
1500;922.043843
1501;922.043843
1502;922.043843
1503;922.043843
1504;922.043843
1505;922.043843
1506;922.043843
1507;922.043843
1508;922.043843
1509;922.043843
1510;922.043843
1511;922.043843
1512;922.043843
1513;922.043843
1514;922.043843
1515;922.043843
1516;922.043843
1517;922.043843
1518;922.043843
1519;922.043843
1520;922.043843
1521;922.043843
1522;922.043843
1523;922.043843
1524;922.043843
1525;922.043843
1526;922.043843
1527;922.043843
1528;922.043843
1529;922.043843
1530;922.043843
1531;922.043843
1532;922.043843
1533;922.043843
1534;922.043843
1535;922.043843
1536;922.043843
1537;922.043843
1538;922.043843
1539;922.043843
1540;922.043843
1541;922.043843
1542;922.043843
1543;922.043843
1544;922.043843
1545;922.043843
1546;922.043843
1547;922.043843
1548;922.043843
1549;922.043843
1550;922.043843
1551;922.043843
1552;922.043843
1553;922.043843
1554;922.043843
1555;922.043843
1556;922.043843
1557;922.043843
1558;922.043843
1559;922.043843
1560;922.043843
1561;922.043843
1562;922.043843
1563;922.043843
1564;922.043843
1565;922.043843
1566;922.043843
1567;922.043843
1568;922.043843
1569;922.043843
1570;922.043843
1571;922.043843
1572;922.043843
1573;922.043843
1574;922.043843
1575;922.043843
1576;922.043843
1577;922.043843
1578;922.043843
1579;922.043843
1580;922.043843
1581;922.043843
1582;922.043843
1583;922.043843
1584;922.043843
1585;922.043843
1586;922.043843
1587;922.043843
1588;922.043843
1589;922.043843
1590;922.043843
1591;922.043843
1592;922.043843
1593;922.043843
1594;922.043843
1595;922.043843
1596;922.043843
1597;922.043843
1598;922.043843
1599;922.043843
1600;922.043843
1601;922.043843
1602;922.043843
1603;922.043843
1604;922.043843
1605;922.043843
1606;922.043843
1607;922.043843
1608;922.043843
1609;922.043843
1610;922.043843
1611;922.043843
1612;922.043843
1613;922.043843
1614;922.043843
1615;922.043843
1616;922.043843
1617;922.043843
1618;922.043843
1619;922.043843
1620;922.043843
1621;922.043843
1622;922.043843
1623;922.043843
1624;922.043843
1625;922.043843
1626;922.043843
1627;922.043843
1628;922.043843
1629;922.043843
1630;922.043843
1631;922.043843
1632;922.043843
1633;922.043843
1634;922.043843
1635;922.043843
1636;922.043843
1637;922.043843
1638;922.043843
1639;922.043843
1640;922.043843
1641;922.043843
1642;922.043843
1643;922.043843
1644;922.043843
1645;922.043843
1646;922.043843
1647;922.043843
1648;922.043843
1649;922.043843
1650;922.043843
1651;922.043843
1652;922.043843
1653;922.043843
1654;922.043843
1655;922.043843
1656;922.043843
1657;922.043843
1658;922.043843
1659;922.043843
1660;922.043843
1661;922.043843
1662;922.043843
1663;922.043843
1664;922.043843
1665;922.043843
1666;922.043843
1667;922.043843
1668;922.043843
1669;922.043843
1670;922.043843
1671;922.043843
1672;922.043843
1673;922.043843
1674;922.043843
1675;922.043843
1676;922.043843
1677;922.043843
1678;922.043843
1679;922.043843
1680;922.043843
1681;922.043843
1682;922.043843
1683;922.043843
1684;922.043843
1685;922.043843
1686;922.043843
1687;922.043843
1688;922.043843
1689;922.043843
1690;922.043843
1691;922.043843
1692;922.043843
1693;922.043843
1694;922.043843
1695;922.043843
1696;922.043843
1697;922.043843
1698;922.043843
1699;922.043843
1700;922.043843
1701;922.043843
1702;922.043843
1703;922.043843
1704;922.043843
1705;922.043843
1706;922.043843
1707;922.043843
1708;922.043843
1709;922.043843
1710;922.043843
1711;922.043843
1712;922.043843
1713;922.043843
1714;922.043843
1715;922.043843
1716;922.043843
1717;922.043843
1718;922.043843
1719;922.043843
1720;922.043843
1721;922.043843
1722;922.043843
1723;922.043843
1724;922.043843
1725;922.043843
1726;922.043843
1727;922.043843
1728;922.043843
1729;922.043843
1730;922.043843
1731;922.043843
1732;922.043843
1733;922.043843
1734;922.043843
1735;922.043843
1736;922.043843
1737;922.043843
1738;922.043843
1739;922.043843
1740;922.043843
1741;922.043843
1742;922.043843
1743;922.043843
1744;922.043843
1745;922.043843
1746;922.043843
1747;922.043843
1748;922.043843
1749;922.043843
1750;922.043843
1751;922.043843
1752;922.043843
1753;922.043843
1754;922.043843
1755;922.043843
1756;922.043843
1757;922.043843
1758;922.043843
1759;922.043843
1760;922.043843
1761;922.043843
1762;922.043843
1763;922.043843
1764;922.043843
1765;922.043843
1766;922.043843
1767;922.043843
1768;922.043843
1769;922.043843
1770;922.043843
1771;922.043843
1772;922.043843
1773;922.043843
1774;922.043843
1775;922.043843
1776;922.043843
1777;922.043843
1778;922.043843
1779;922.043843
1780;922.043843
1781;922.043843
1782;922.043843
1783;922.043843
1784;922.043843
1785;922.043843
1786;922.043843
1787;922.043843
1788;922.043843
1789;922.043843
1790;922.043843
1791;922.043843
1792;922.043843
1793;922.043843
1794;922.043843
1795;922.043843
1796;922.043843
1797;922.043843
1798;922.043843
1799;922.043843
1800;922.043843
1801;922.043843
1802;922.043843
1803;922.043843
1804;922.043843
1805;922.043843
1806;922.043843
1807;922.043843
1808;922.043843
1809;922.043843
1810;922.043843
1811;922.043843
1812;922.043843
1813;922.043843
1814;922.043843
1815;922.043843
1816;922.043843
1817;922.043843
1818;922.043843
1819;922.043843
1820;922.043843
1821;922.043843
1822;922.043843
1823;922.043843
1824;922.043843
1825;922.043843
1826;922.043843
1827;922.043843
1828;922.043843
1829;922.043843
1830;922.043843
1831;922.043843
1832;922.043843
1833;922.043843
1834;922.043843
1835;922.043843
1836;922.043843
1837;922.043843
1838;922.043843
1839;922.043843
1840;922.043843
1841;922.043843
1842;922.043843
1843;922.043843
1844;922.043843
1845;922.043843
1846;922.043843
1847;922.043843
1848;922.043843
1849;922.043843
1850;922.043843
1851;922.043843
1852;922.043843
1853;922.043843
1854;922.043843
1855;922.043843
1856;922.043843
1857;922.043843
1858;922.043843
1859;922.043843
1860;922.043843
1861;922.043843
1862;922.043843
1863;922.043843
1864;922.043843
1865;922.043843
1866;922.043843
1867;922.043843
1868;922.043843
1869;922.043843
1870;922.043843
1871;922.043843
1872;922.043843
1873;922.043843
1874;922.043843
1875;922.043843
1876;922.043843
1877;922.043843
1878;922.043843
1879;922.043843
1880;922.043843
1881;922.043843
1882;922.043843
1883;922.043843
1884;922.043843
1885;922.043843
1886;922.043843
1887;922.043843
1888;922.043843
1889;922.043843
1890;922.043843
1891;922.043843
1892;922.043843
1893;922.043843
1894;922.043843
1895;922.043843
1896;922.043843
1897;922.043843
1898;922.043843
1899;922.043843
1900;922.043843
1901;922.043843
1902;922.043843
1903;922.043843
1904;922.043843
1905;922.043843
1906;922.043843
1907;922.043843
1908;922.043843
1909;922.043843
1910;922.043843
1911;922.043843
1912;922.043843
1913;922.043843
1914;922.043843
1915;922.043843
1916;922.043843
1917;922.043843
1918;922.043843
1919;922.043843
1920;922.043843
1921;922.043843
1922;922.043843
1923;922.043843
1924;922.043843
1925;922.043843
1926;922.043843
1927;922.043843
1928;922.043843
1929;922.043843
1930;922.043843
1931;922.043843
1932;922.043843
1933;922.043843
1934;922.043843
1935;922.043843
1936;922.043843
1937;922.043843
1938;922.043843
1939;922.043843
1940;922.043843
1941;922.043843
1942;922.043843
1943;922.043843
1944;922.043843
1945;922.043843
1946;922.043843
1947;922.043843
1948;922.043843
1949;922.043843
1950;922.043843
1951;922.043843
1952;922.043843
1953;922.043843
1954;922.043843
1955;922.043843
1956;922.043843
1957;922.043843
1958;922.043843
1959;922.043843
1960;922.043843
1961;922.043843
1962;922.043843
1963;922.043843
1964;922.043843
1965;922.043843
1966;922.043843
1967;922.043843
1968;922.043843
1969;922.043843
1970;922.043843
1971;922.043843
1972;922.043843
1973;922.043843
1974;922.043843
1975;922.043843
1976;922.043843
1977;922.043843
1978;922.043843
1979;922.043843
1980;922.043843
1981;922.043843
1982;922.043843
1983;922.043843
1984;922.043843
1985;922.043843
1986;922.043843
1987;922.043843
1988;922.043843
1989;922.043843
1990;922.043843
1991;922.043843
1992;922.043843
1993;922.043843
1994;922.043843
1995;922.043843
1996;922.043843
1997;922.043843
1998;922.043843
1999;922.043843
2000;922.043843
2001;922.043843
2002;922.043843
2003;922.043843
2004;922.043843
2005;922.043843
2006;922.043843
2007;922.043843
2008;922.043843
2009;922.043843
2010;922.043843
2011;922.043843
2012;922.043843
2013;922.043843
2014;922.043843
2015;922.043843
2016;922.043843
2017;922.043843
2018;922.043843
2019;922.043843
2020;922.043843
2021;922.043843
2022;922.043843
2023;922.043843
2024;922.043843
2025;922.043843
2026;922.043843
2027;922.043843
2028;922.043843
2029;922.043843
2030;922.043843
2031;922.043843
2032;922.043843
2033;922.043843
2034;922.043843
2035;922.043843
2036;922.043843
2037;922.043843
2038;922.043843
2039;922.043843
2040;922.043843
2041;922.043843
2042;922.043843
2043;922.043843
2044;922.043843
2045;922.043843
2046;922.043843
2047;922.043843
2048;922.043843
2049;922.043843
2050;922.043843
2051;922.043843
2052;922.043843
2053;922.043843
2054;922.043843
2055;922.043843
2056;922.043843
2057;922.043843
2058;922.043843
2059;922.043843
2060;922.043843
2061;922.043843
2062;922.043843
2063;922.043843
2064;922.043843
2065;922.043843
2066;922.043843
2067;922.043843
2068;922.043843
2069;922.043843
2070;922.043843
2071;922.043843
2072;922.043843
2073;922.043843
2074;922.043843
2075;922.043843
2076;922.043843
2077;922.043843
2078;922.043843
2079;922.043843
2080;922.043843
2081;922.043843
2082;922.043843
2083;922.043843
2084;922.043843
2085;922.043843
2086;922.043843
2087;922.043843
2088;922.043843
2089;922.043843
2090;922.043843
2091;922.043843
2092;922.043843
2093;922.043843
2094;922.043843
2095;922.043843
2096;922.043843
2097;922.043843
2098;922.043843
2099;922.043843
2100;922.043843
2101;922.043843
2102;922.043843
2103;922.043843
2104;922.043843
2105;922.043843
2106;922.043843
2107;922.043843
2108;922.043843
2109;922.043843
2110;922.043843
2111;922.043843
2112;922.043843
2113;922.043843
2114;922.043843
2115;922.043843
2116;922.043843
2117;922.043843
2118;922.043843
2119;922.043843
2120;922.043843
2121;922.043843
2122;922.043843
2123;922.043843
2124;922.043843
2125;922.043843
2126;922.043843
2127;922.043843
2128;922.043843
2129;922.043843
2130;922.043843
2131;922.043843
2132;922.043843
2133;922.043843
2134;922.043843
2135;922.043843
2136;922.043843
2137;922.043843
2138;922.043843
2139;922.043843
2140;922.043843
2141;922.043843
2142;922.043843
2143;922.043843
2144;922.043843
2145;922.043843
2146;922.043843
2147;922.043843
2148;922.043843
2149;922.043843
2150;922.043843
2151;922.043843
2152;922.043843
2153;922.043843
2154;922.043843
2155;922.043843
2156;922.043843
2157;922.043843
2158;922.043843
2159;922.043843
2160;922.043843
2161;922.043843
2162;922.043843
2163;922.043843
2164;922.043843
2165;922.043843
2166;922.043843
2167;922.043843
2168;922.043843
2169;922.043843
2170;922.043843
2171;922.043843
2172;922.043843
2173;922.043843
2174;922.043843
2175;922.043843
2176;922.043843
2177;922.043843
2178;922.043843
2179;922.043843
2180;922.043843
2181;922.043843
2182;922.043843
2183;922.043843
2184;922.043843
2185;922.043843
2186;922.043843
2187;922.043843
2188;922.043843
2189;922.043843
2190;922.043843
2191;922.043843
2192;922.043843
2193;922.043843
2194;922.043843
2195;922.043843
2196;922.043843
2197;922.043843
2198;922.043843
2199;922.043843
2200;922.043843
2201;922.043843
2202;922.043843
2203;922.043843
2204;922.043843
2205;922.043843
2206;922.043843
2207;922.043843
2208;922.043843
2209;922.043843
2210;922.043843
2211;922.043843
2212;922.043843
2213;922.043843
2214;922.043843
2215;922.043843
2216;922.043843
2217;922.043843
2218;922.043843
2219;922.043843
2220;922.043843
2221;922.043843
2222;922.043843
2223;922.043843
2224;922.043843
2225;922.043843
2226;922.043843
2227;922.043843
2228;922.043843
2229;922.043843
2230;922.043843
2231;922.043843
2232;922.043843
2233;922.043843
2234;922.043843
2235;922.043843
2236;922.043843
2237;922.043843
2238;922.043843
2239;922.043843
2240;922.043843
2241;922.043843
2242;922.043843
2243;922.043843
2244;922.043843
2245;922.043843
2246;922.043843
2247;922.043843
2248;922.043843
2249;922.043843
2250;922.043843
2251;922.043843
2252;922.043843
2253;922.043843
2254;922.043843
2255;922.043843
2256;922.043843
2257;922.043843
2258;922.043843
2259;922.043843
2260;922.043843
2261;922.043843
2262;922.043843
2263;922.043843
2264;922.043843
2265;922.043843
2266;922.043843
2267;922.043843
2268;922.043843
2269;922.043843
2270;922.043843
2271;922.043843
2272;922.043843
2273;922.043843
2274;922.043843
2275;922.043843
2276;922.043843
2277;922.043843
2278;922.043843
2279;922.043843
2280;922.043843
2281;922.043843
2282;922.043843
2283;922.043843
2284;922.043843
2285;922.043843
2286;922.043843
2287;922.043843
2288;922.043843
2289;922.043843
2290;922.043843
2291;922.043843
2292;922.043843
2293;922.043843
2294;922.043843
2295;922.043843
2296;922.043843
2297;922.043843
2298;922.043843
2299;922.043843
2300;922.043843
2301;922.043843
2302;922.043843
2303;922.043843
2304;922.043843
2305;922.043843
2306;922.043843
2307;922.043843
2308;922.043843
2309;922.043843
2310;922.043843
2311;922.043843
2312;922.043843
2313;922.043843
2314;922.043843
2315;922.043843
2316;922.043843
2317;922.043843
2318;922.043843
2319;922.043843
2320;922.043843
2321;922.043843
2322;922.043843
2323;922.043843
2324;922.043843
2325;922.043843
2326;922.043843
2327;922.043843
2328;922.043843
2329;922.043843
2330;922.043843
2331;922.043843
2332;922.043843
2333;922.043843
2334;922.043843
2335;922.043843
2336;922.043843
2337;922.043843
2338;922.043843
2339;922.043843
2340;922.043843
2341;922.043843
2342;922.043843
2343;922.043843
2344;922.043843
2345;922.043843
2346;922.043843
2347;922.043843
2348;922.043843
2349;922.043843
2350;922.043843
2351;922.043843
2352;922.043843
2353;922.043843
2354;922.043843
2355;922.043843
2356;922.043843
2357;922.043843
2358;922.043843
2359;922.043843
2360;922.043843
2361;922.043843
2362;922.043843
2363;922.043843
2364;922.043843
2365;922.043843
2366;922.043843
2367;922.043843
2368;922.043843
2369;922.043843
2370;922.043843
2371;922.043843
2372;922.043843
2373;922.043843
2374;922.043843
2375;922.043843
2376;922.043843
2377;922.043843
2378;922.043843
2379;922.043843
2380;922.043843
2381;922.043843
2382;922.043843
2383;922.043843
2384;922.043843
2385;922.043843
2386;922.043843
2387;922.043843
2388;922.043843
2389;922.043843
2390;922.043843
2391;922.043843
2392;922.043843
2393;922.043843
2394;922.043843
2395;922.043843
2396;922.043843
2397;922.043843
2398;922.043843
2399;922.043843
2400;922.043843
2401;922.043843
2402;922.043843
2403;922.043843
2404;922.043843
2405;922.043843
2406;922.043843
2407;922.043843
2408;922.043843
2409;922.043843
2410;922.043843
2411;922.043843
2412;922.043843
2413;922.043843
2414;922.043843
2415;922.043843
2416;922.043843
2417;922.043843
2418;922.043843
2419;922.043843
2420;922.043843
2421;922.043843
2422;922.043843
2423;922.043843
2424;922.043843
2425;922.043843
2426;922.043843
2427;922.043843
2428;922.043843
2429;922.043843
2430;922.043843
2431;922.043843
2432;922.043843
2433;922.043843
2434;922.043843
2435;922.043843
2436;922.043843
2437;922.043843
2438;922.043843
2439;922.043843
2440;922.043843
2441;922.043843
2442;922.043843
2443;922.043843
2444;922.043843
2445;922.043843
2446;922.043843
2447;922.043843
2448;922.043843
2449;922.043843
2450;922.043843
2451;922.043843
2452;922.043843
2453;922.043843
2454;922.043843
2455;922.043843
2456;922.043843
2457;922.043843
2458;922.043843
2459;922.043843
2460;922.043843
2461;922.043843
2462;922.043843
2463;922.043843
2464;922.043843
2465;922.043843
2466;922.043843
2467;922.043843
2468;922.043843
2469;922.043843
2470;922.043843
2471;922.043843
2472;922.043843
2473;922.043843
2474;922.043843
2475;922.043843
2476;922.043843
2477;922.043843
2478;922.043843
2479;922.043843
2480;922.043843
2481;922.043843
2482;922.043843
2483;922.043843
2484;922.043843
2485;922.043843
2486;922.043843
2487;922.043843
2488;922.043843
2489;922.043843
2490;922.043843
2491;922.043843
2492;922.043843
2493;922.043843
2494;922.043843
2495;922.043843
2496;922.043843
2497;922.043843
2498;922.043843
2499;922.043843
2500;922.043843
2501;922.043843
2502;922.043843
2503;922.043843
2504;922.043843
2505;922.043843
2506;922.043843
2507;922.043843
2508;922.043843
2509;922.043843
2510;922.043843
2511;922.043843
2512;922.043843
2513;922.043843
2514;922.043843
2515;922.043843
2516;922.043843
2517;922.043843
2518;922.043843
2519;922.043843
2520;922.043843
2521;922.043843
2522;922.043843
2523;922.043843
2524;922.043843
2525;922.043843
2526;922.043843
2527;922.043843
2528;922.043843
2529;922.043843
2530;922.043843
2531;922.043843
2532;922.043843
2533;922.043843
2534;922.043843
2535;922.043843
2536;922.043843
2537;922.043843
2538;922.043843
2539;922.043843
2540;922.043843
2541;922.043843
2542;922.043843
2543;922.043843
2544;922.043843
2545;922.043843
2546;922.043843
2547;922.043843
2548;922.043843
2549;895.742380
2550;895.742380
2551;895.742380
2552;895.742380
2553;895.742380
2554;895.742380
2555;895.742380
2556;895.742380
2557;895.742380
2558;895.742380
2559;895.742380
2560;895.742380
2561;895.742380
2562;895.742380
2563;895.742380
2564;895.742380
2565;895.742380
2566;895.742380
2567;895.742380
2568;895.742380
2569;895.742380
2570;895.742380
2571;895.742380
2572;895.742380
2573;895.742380
2574;895.742380
2575;895.742380
2576;895.742380
2577;895.742380
2578;895.742380
2579;895.742380
2580;895.742380
2581;895.742380
2582;895.742380
2583;895.742380
2584;895.742380
2585;895.742380
2586;895.742380
2587;895.742380
2588;895.742380
2589;895.742380
2590;895.742380
2591;895.742380
2592;895.742380
2593;895.742380
2594;895.742380
2595;895.742380
2596;895.742380
2597;895.742380
2598;895.742380
2599;895.742380
2600;895.742380
2601;895.742380
2602;895.742380
2603;895.742380
2604;895.742380
2605;895.742380
2606;895.742380
2607;895.742380
2608;895.742380
2609;895.742380
2610;895.742380
2611;895.742380
2612;895.742380
2613;895.742380
2614;895.742380
2615;895.742380
2616;895.742380
2617;895.742380
2618;895.742380
2619;895.742380
2620;895.742380
2621;895.742380
2622;895.742380
2623;895.742380
2624;895.742380
2625;895.742380
2626;895.742380
2627;895.742380
2628;895.742380
2629;895.742380
2630;895.742380
2631;895.742380
2632;895.742380
2633;895.742380
2634;895.742380
2635;895.742380
2636;895.742380
2637;895.742380
2638;895.742380
2639;895.742380
2640;895.742380
2641;895.742380
2642;895.742380
2643;895.742380
2644;895.742380
2645;895.742380
2646;895.742380
2647;895.742380
2648;895.742380
2649;895.742380
2650;895.742380
2651;895.742380
2652;895.742380
2653;895.742380
2654;895.742380
2655;895.742380
2656;895.742380
2657;895.742380
2658;895.742380
2659;895.742380
2660;895.742380
2661;895.742380
2662;895.742380
2663;895.742380
2664;895.742380
2665;895.742380
2666;895.742380
2667;895.742380
2668;895.742380
2669;895.742380
2670;895.742380
2671;895.742380
2672;895.742380
2673;895.742380
2674;895.742380
2675;895.742380
2676;895.742380
2677;895.742380
2678;895.742380
2679;895.742380
2680;895.742380
2681;895.742380
2682;895.742380
2683;895.742380
2684;895.742380
2685;895.742380
2686;895.742380
2687;895.742380
2688;895.742380
2689;895.742380
2690;895.742380
2691;895.742380
2692;895.742380
2693;895.742380
2694;895.742380
2695;895.742380
2696;895.742380
2697;895.742380
2698;895.742380
2699;895.742380
2700;895.742380
2701;895.742380
2702;895.742380
2703;895.742380
2704;895.742380
2705;895.742380
2706;895.742380
2707;895.742380
2708;895.742380
2709;895.742380
2710;895.742380
2711;895.742380
2712;895.742380
2713;895.742380
2714;895.742380
2715;895.742380
2716;895.742380
2717;895.742380
2718;895.742380
2719;895.742380
2720;895.742380
2721;895.742380
2722;895.742380
2723;895.742380
2724;895.742380
2725;895.742380
2726;895.742380
2727;895.742380
2728;895.742380
2729;895.742380
2730;895.742380
2731;895.742380
2732;895.742380
2733;895.742380
2734;895.742380
2735;895.742380
2736;895.742380
2737;895.742380
2738;895.742380
2739;895.742380
2740;895.742380
2741;895.742380
2742;895.742380
2743;895.742380
2744;895.742380
2745;895.742380
2746;895.742380
2747;895.742380
2748;895.742380
2749;895.742380
2750;895.742380
2751;895.742380
2752;895.742380
2753;895.742380
2754;895.742380
2755;895.742380
2756;895.742380
2757;895.742380
2758;895.742380
2759;895.742380
2760;895.742380
2761;895.742380
2762;895.742380
2763;895.742380
2764;895.742380
2765;895.742380
2766;895.742380
2767;895.742380
2768;895.742380
2769;895.742380
2770;895.742380
2771;895.742380
2772;895.742380
2773;895.742380
2774;895.742380
2775;895.742380
2776;895.742380
2777;895.742380
2778;895.742380
2779;895.742380
2780;895.742380
2781;895.742380
2782;895.742380
2783;895.742380
2784;895.742380
2785;895.742380
2786;895.742380
2787;895.742380
2788;895.742380
2789;895.742380
2790;895.742380
2791;895.742380
2792;895.742380
2793;895.742380
2794;895.742380
2795;895.742380
2796;895.742380
2797;895.742380
2798;895.742380
2799;895.742380
2800;895.742380
2801;895.742380
2802;895.742380
2803;895.742380
2804;895.742380
2805;895.742380
2806;895.742380
2807;895.742380
2808;895.742380
2809;895.742380
2810;895.742380
2811;895.742380
2812;895.742380
2813;895.742380
2814;895.742380
2815;895.742380
2816;895.742380
2817;895.742380
2818;895.742380
2819;895.742380
2820;895.742380
2821;895.742380
2822;895.742380
2823;895.742380
2824;895.742380
2825;895.742380
2826;895.742380
2827;895.742380
2828;895.742380
2829;895.742380
2830;895.742380
2831;895.742380
2832;895.742380
2833;895.742380
2834;895.742380
2835;895.742380
2836;895.742380
2837;895.742380
2838;895.742380
2839;895.742380
2840;895.742380
2841;895.742380
2842;895.742380
2843;895.742380
2844;895.742380
2845;895.742380
2846;895.742380
2847;895.742380
2848;895.742380
2849;895.742380
2850;895.742380
2851;895.742380
2852;895.742380
2853;895.742380
2854;895.742380
2855;895.742380
2856;895.742380
2857;895.742380
2858;895.742380
2859;895.742380
2860;895.742380
2861;895.742380
2862;895.742380
2863;895.742380
2864;895.742380
2865;895.742380
2866;895.742380
2867;895.742380
2868;895.742380
2869;895.742380
2870;895.742380
2871;895.742380
2872;895.742380
2873;895.742380
2874;895.742380
2875;895.742380
2876;895.742380
2877;895.742380
2878;895.742380
2879;895.742380
2880;895.742380
2881;895.742380
2882;895.742380
2883;895.742380
2884;895.742380
2885;895.742380
2886;895.742380
2887;895.742380
2888;895.742380
2889;895.742380
2890;895.742380
2891;895.742380
2892;895.742380
2893;895.742380
2894;895.742380
2895;895.742380
2896;895.742380
2897;895.742380
2898;895.742380
2899;895.742380
2900;895.742380
2901;895.742380
2902;895.742380
2903;895.742380
2904;895.742380
2905;895.742380
2906;895.742380
2907;895.742380
2908;895.742380
2909;895.742380
2910;895.742380
2911;895.742380
2912;895.742380
2913;895.742380
2914;895.742380
2915;895.742380
2916;895.742380
2917;895.742380
2918;895.742380
2919;895.742380
2920;895.742380
2921;895.742380
2922;895.742380
2923;895.742380
2924;895.742380
2925;895.742380
2926;895.742380
2927;895.742380
2928;895.742380
2929;895.742380
2930;895.742380
2931;895.742380
2932;895.742380
2933;895.742380
2934;895.742380
2935;895.742380
2936;895.742380
2937;895.742380
2938;895.742380
2939;895.742380
2940;895.742380
2941;895.742380
2942;895.742380
2943;895.742380
2944;895.742380
2945;895.742380
2946;895.742380
2947;895.742380
2948;895.742380
2949;895.742380
2950;895.742380
2951;895.742380
2952;895.742380
2953;895.742380
2954;895.742380
2955;895.742380
2956;895.742380
2957;895.742380
2958;895.742380
2959;895.742380
2960;895.742380
2961;895.742380
2962;895.742380
2963;895.742380
2964;895.742380
2965;895.742380
2966;895.742380
2967;895.742380
2968;895.742380
2969;895.742380
2970;895.742380
2971;895.742380
2972;895.742380
2973;895.742380
2974;895.742380
2975;895.742380
2976;895.742380
2977;895.742380
2978;895.742380
2979;895.742380
2980;895.742380
2981;895.742380
2982;895.742380
2983;895.742380
2984;895.742380
2985;895.742380
2986;895.742380
2987;895.742380
2988;895.742380
2989;895.742380
2990;895.742380
2991;895.742380
2992;895.742380
2993;895.742380
2994;895.742380
2995;895.742380
2996;895.742380
2997;895.742380
2998;895.742380
2999;895.742380
3000;895.742380
3001;895.742380
3002;895.742380
3003;895.742380
3004;895.742380
3005;895.742380
3006;895.742380
3007;895.742380
3008;895.742380
3009;895.742380
3010;895.742380
3011;895.742380
3012;895.742380
3013;895.742380
3014;895.742380
3015;895.742380
3016;895.742380
3017;895.742380
3018;895.742380
3019;895.742380
3020;895.742380
3021;895.742380
3022;895.742380
3023;895.742380
3024;895.742380
3025;895.742380
3026;895.742380
3027;895.742380
3028;895.742380
3029;895.742380
3030;895.742380
3031;895.742380
3032;895.742380
3033;895.742380
3034;895.742380
3035;895.742380
3036;895.742380
3037;895.742380
3038;895.742380
3039;895.742380
3040;895.742380
3041;895.742380
3042;895.742380
3043;895.742380
3044;895.742380
3045;895.742380
3046;895.742380
3047;895.742380
3048;895.742380
3049;895.742380
3050;895.742380
3051;895.742380
3052;895.742380
3053;895.742380
3054;895.742380
3055;895.742380
3056;895.742380
3057;895.742380
3058;895.742380
3059;895.742380
3060;895.742380
3061;895.742380
3062;895.742380
3063;895.742380
3064;895.742380
3065;895.742380
3066;895.742380
3067;895.742380
3068;895.742380
3069;895.742380
3070;895.742380
3071;895.742380
3072;895.742380
3073;895.742380
3074;895.742380
3075;895.742380
3076;895.742380
3077;895.742380
3078;895.742380
3079;895.742380
3080;895.742380
3081;895.742380
3082;895.742380
3083;895.742380
3084;895.742380
3085;895.742380
3086;895.742380
3087;895.742380
3088;895.742380
3089;895.742380
3090;895.742380
3091;895.742380
3092;895.742380
3093;895.742380
3094;895.742380
3095;895.742380
3096;895.742380
3097;895.742380
3098;895.742380
3099;895.742380
3100;895.742380
3101;895.742380
3102;895.742380
3103;895.742380
3104;895.742380
3105;895.742380
3106;895.742380
3107;895.742380
3108;895.742380
3109;895.742380
3110;895.742380
3111;895.742380
3112;895.742380
3113;895.742380
3114;895.742380
3115;895.742380
3116;895.742380
3117;895.742380
3118;895.742380
3119;895.742380
3120;895.742380
3121;895.742380
3122;895.742380
3123;895.742380
3124;895.742380
3125;895.742380
3126;895.742380
3127;895.742380
3128;895.742380
3129;895.742380
3130;895.742380
3131;895.742380
3132;895.742380
3133;895.742380
3134;895.742380
3135;895.742380
3136;895.742380
3137;895.742380
3138;895.742380
3139;895.742380
3140;895.742380
3141;895.742380
3142;895.742380
3143;895.742380
3144;895.742380
3145;895.742380
3146;895.742380
3147;895.742380
3148;895.742380
3149;895.742380
3150;895.742380
3151;895.742380
3152;895.742380
3153;895.742380
3154;895.742380
3155;895.742380
3156;895.742380
3157;895.742380
3158;895.742380
3159;895.742380
3160;895.742380
3161;895.742380
3162;895.742380
3163;895.742380
3164;895.742380
3165;895.742380
3166;895.742380
3167;895.742380
3168;895.742380
3169;895.742380
3170;895.742380
3171;895.742380
3172;895.742380
3173;895.742380
3174;895.742380
3175;895.742380
3176;895.742380
3177;895.742380
3178;895.742380
3179;895.742380
3180;895.742380
3181;895.742380
3182;895.742380
3183;895.742380
3184;895.742380
3185;895.742380
3186;895.742380
3187;895.742380
3188;895.742380
3189;895.742380
3190;895.742380
3191;895.742380
3192;895.742380
3193;895.742380
3194;895.742380
3195;895.742380
3196;895.742380
3197;895.742380
3198;895.742380
3199;895.742380
3200;895.742380
3201;895.742380
3202;895.742380
3203;895.742380
3204;895.742380
3205;895.742380
3206;895.742380
3207;895.742380
3208;895.742380
3209;895.742380
3210;895.742380
3211;895.742380
3212;895.742380
3213;895.742380
3214;895.742380
3215;895.742380
3216;895.742380
3217;895.742380
3218;895.742380
3219;895.742380
3220;895.742380
3221;895.742380
3222;895.742380
3223;895.742380
3224;895.742380
3225;895.742380
3226;895.742380
3227;895.742380
3228;895.742380
3229;895.742380
3230;895.742380
3231;895.742380
3232;895.742380
3233;895.742380
3234;895.742380
3235;895.742380
3236;895.742380
3237;895.742380
3238;895.742380
3239;895.742380
3240;895.742380
3241;895.742380
3242;895.742380
3243;895.742380
3244;895.742380
3245;895.742380
3246;895.742380
3247;895.742380
3248;895.742380
3249;895.742380
3250;895.742380
3251;895.742380
3252;895.742380
3253;895.742380
3254;895.742380
3255;895.742380
3256;895.742380
3257;895.742380
3258;895.742380
3259;895.742380
3260;895.742380
3261;895.742380
3262;895.742380
3263;895.742380
3264;895.742380
3265;895.742380
3266;895.742380
3267;895.742380
3268;895.742380
3269;895.742380
3270;895.742380
3271;895.742380
3272;895.742380
3273;895.742380
3274;895.742380
3275;895.742380
3276;895.742380
3277;895.742380
3278;895.742380
3279;895.742380
3280;895.742380
3281;895.742380
3282;895.742380
3283;895.742380
3284;895.742380
3285;895.742380
3286;895.742380
3287;895.742380
3288;895.742380
3289;895.742380
3290;895.742380
3291;895.742380
3292;895.742380
3293;895.742380
3294;895.742380
3295;895.742380
3296;895.742380
3297;895.742380
3298;895.742380
3299;895.742380
3300;895.742380
3301;895.742380
3302;895.742380
3303;895.742380
3304;895.742380
3305;895.742380
3306;895.742380
3307;895.742380
3308;892.331120
3309;892.331120
3310;892.331120
3311;892.331120
3312;892.331120
3313;892.331120
3314;892.331120
3315;892.331120
3316;892.331120
3317;892.331120
3318;892.331120
3319;892.331120
3320;892.331120
3321;892.331120
3322;892.331120
3323;892.331120
3324;892.331120
3325;892.331120
3326;892.331120
3327;892.331120
3328;892.331120
3329;892.331120
3330;892.331120
3331;892.331120
3332;892.331120
3333;892.331120
3334;892.331120
3335;892.331120
3336;892.331120
3337;892.331120
3338;892.331120
3339;892.331120
3340;892.331120
3341;892.331120
3342;892.331120
3343;892.331120
3344;892.331120
3345;892.331120
3346;892.331120
3347;892.331120
3348;892.331120
3349;892.331120
3350;892.331120
3351;892.331120
3352;892.331120
3353;892.331120
3354;892.331120
3355;892.331120
3356;892.331120
3357;892.331120
3358;892.331120
3359;892.331120
3360;892.331120
3361;892.331120
3362;892.331120
3363;892.331120
3364;892.331120
3365;892.331120
3366;892.331120
3367;892.331120
3368;892.331120
3369;892.331120
3370;892.331120
3371;892.331120
3372;892.331120
3373;892.331120
3374;892.331120
3375;892.331120
3376;892.331120
3377;892.331120
3378;892.331120
3379;892.331120
3380;892.331120
3381;892.331120
3382;892.331120
3383;892.331120
3384;892.331120
3385;892.331120
3386;892.331120
3387;892.331120
3388;892.331120
3389;892.331120
3390;892.331120
3391;892.331120
3392;892.331120
3393;892.331120
3394;892.331120
3395;892.331120
3396;892.331120
3397;892.331120
3398;892.331120
3399;892.331120
3400;892.331120
3401;892.331120
3402;892.331120
3403;892.331120
3404;892.331120
3405;892.331120
3406;892.331120
3407;892.331120
3408;892.331120
3409;892.331120
3410;892.331120
3411;892.331120
3412;892.331120
3413;892.331120
3414;892.331120
3415;892.331120
3416;892.331120
3417;892.331120
3418;892.331120
3419;892.331120
3420;892.331120
3421;892.331120
3422;892.331120
3423;892.331120
3424;892.331120
3425;892.331120
3426;892.331120
3427;892.331120
3428;892.331120
3429;892.331120
3430;892.331120
3431;892.331120
3432;892.331120
3433;892.331120
3434;892.331120
3435;892.331120
3436;892.331120
3437;892.331120
3438;892.331120
3439;892.331120
3440;892.331120
3441;892.331120
3442;892.331120
3443;892.331120
3444;892.331120
3445;892.331120
3446;892.331120
3447;892.331120
3448;892.331120
3449;892.331120
3450;892.331120
3451;892.331120
3452;892.331120
3453;892.331120
3454;892.331120
3455;892.331120
3456;892.331120
3457;892.331120
3458;892.331120
3459;892.331120
3460;892.331120
3461;892.331120
3462;892.331120
3463;892.331120
3464;892.331120
3465;892.331120
3466;892.331120
3467;892.331120
3468;892.331120
3469;892.331120
3470;892.331120
3471;892.331120
3472;892.331120
3473;892.331120
3474;892.331120
3475;892.331120
3476;892.331120
3477;892.331120
3478;892.331120
3479;892.331120
3480;892.331120
3481;892.331120
3482;892.331120
3483;892.331120
3484;892.331120
3485;892.331120
3486;892.331120
3487;892.331120
3488;892.331120
3489;892.331120
3490;892.331120
3491;892.331120
3492;892.331120
3493;892.331120
3494;892.331120
3495;892.331120
3496;892.331120
3497;892.331120
3498;892.331120
3499;892.331120
3500;892.331120
3501;892.331120
3502;892.331120
3503;892.331120
3504;892.331120
3505;892.331120
3506;892.331120
3507;892.331120
3508;892.331120
3509;892.331120
3510;892.331120
3511;892.331120
3512;892.331120
3513;892.331120
3514;892.331120
3515;892.331120
3516;892.331120
3517;892.331120
3518;892.331120
3519;892.331120
3520;892.331120
3521;892.331120
3522;892.331120
3523;892.331120
3524;892.331120
3525;892.331120
3526;892.331120
3527;892.331120
3528;892.331120
3529;892.331120
3530;892.331120
3531;892.331120
3532;892.331120
3533;892.331120
3534;892.331120
3535;892.331120
3536;892.331120
3537;892.331120
3538;892.331120
3539;892.331120
3540;892.331120
3541;892.331120
3542;892.331120
3543;892.331120
3544;892.331120
3545;892.331120
3546;892.331120
3547;892.331120
3548;892.331120
3549;892.331120
3550;892.331120
3551;892.331120
3552;892.331120
3553;892.331120
3554;892.331120
3555;892.331120
3556;892.331120
3557;892.331120
3558;892.331120
3559;892.331120
3560;892.331120
3561;892.331120
3562;892.331120
3563;892.331120
3564;892.331120
3565;892.331120
3566;892.331120
3567;892.331120
3568;892.331120
3569;892.331120
3570;892.331120
3571;892.331120
3572;892.331120
3573;892.331120
3574;892.331120
3575;892.331120
3576;892.331120
3577;892.331120
3578;892.331120
3579;892.331120
3580;892.331120
3581;892.331120
3582;892.331120
3583;892.331120
3584;892.331120
3585;892.331120
3586;892.331120
3587;892.331120
3588;892.331120
3589;892.331120
3590;892.331120
3591;892.331120
3592;892.331120
3593;892.331120
3594;892.331120
3595;892.331120
3596;892.331120
3597;892.331120
3598;892.331120
3599;892.331120
3600;892.331120
3601;892.331120
3602;892.331120
3603;892.331120
3604;892.331120
3605;892.331120
3606;892.331120
3607;892.331120
3608;892.331120
3609;892.331120
3610;892.331120
3611;892.331120
3612;892.331120
3613;892.331120
3614;892.331120
3615;892.331120
3616;892.331120
3617;892.331120
3618;892.331120
3619;892.331120
3620;892.331120
3621;892.331120
3622;892.331120
3623;892.331120
3624;892.331120
3625;892.331120
3626;892.331120
3627;892.331120
3628;892.331120
3629;892.331120
3630;892.331120
3631;892.331120
3632;892.331120
3633;892.331120
3634;892.331120
3635;892.331120
3636;892.331120
3637;892.331120
3638;892.331120
3639;892.331120
3640;892.331120
3641;892.331120
3642;892.331120
3643;892.331120
3644;892.331120
3645;892.331120
3646;892.331120
3647;892.331120
3648;892.331120
3649;892.331120
3650;892.331120
3651;892.331120
3652;892.331120
3653;892.331120
3654;892.331120
3655;892.331120
3656;892.331120
3657;892.331120
3658;892.331120
3659;892.331120
3660;892.331120
3661;892.331120
3662;892.331120
3663;892.331120
3664;892.331120
3665;892.331120
3666;892.331120
3667;892.331120
3668;892.331120
3669;892.331120
3670;892.331120
3671;892.331120
3672;892.331120
3673;892.331120
3674;892.331120
3675;892.331120
3676;892.331120
3677;892.331120
3678;892.331120
3679;892.331120
3680;892.331120
3681;892.331120
3682;892.331120
3683;892.331120
3684;892.331120
3685;892.331120
3686;892.331120
3687;892.331120
3688;892.331120
3689;892.331120
3690;892.331120
3691;892.331120
3692;892.331120
3693;892.331120
3694;892.331120
3695;892.331120
3696;892.331120
3697;892.331120
3698;892.331120
3699;892.331120
3700;892.331120
3701;892.331120
3702;892.331120
3703;892.331120
3704;892.331120
3705;892.331120
3706;892.331120
3707;892.331120
3708;892.331120
3709;892.331120
3710;892.331120
3711;892.331120
3712;892.331120
3713;892.331120
3714;892.331120
3715;892.331120
3716;892.331120
3717;892.331120
3718;892.331120
3719;892.331120
3720;892.331120
3721;892.331120
3722;892.331120
3723;892.331120
3724;892.331120
3725;892.331120
3726;892.331120
3727;892.331120
3728;892.331120
3729;892.331120
3730;892.331120
3731;892.331120
3732;892.331120
3733;892.331120
3734;892.331120
3735;892.331120
3736;892.331120
3737;892.331120
3738;892.331120
3739;892.331120
3740;892.331120
3741;892.331120
3742;892.331120
3743;892.331120
3744;892.331120
3745;892.331120
3746;892.331120
3747;892.331120
3748;892.331120
3749;892.331120
3750;892.331120
3751;892.331120
3752;892.331120
3753;892.331120
3754;892.331120
3755;892.331120
3756;892.331120
3757;892.331120
3758;892.331120
3759;892.331120
3760;892.331120
3761;892.331120
3762;892.331120
3763;892.331120
3764;892.331120
3765;892.331120
3766;892.331120
3767;892.331120
3768;892.331120
3769;892.331120
3770;892.331120
3771;892.331120
3772;892.331120
3773;892.331120
3774;892.331120
3775;892.331120
3776;892.331120
3777;892.331120
3778;892.331120
3779;892.331120
3780;892.331120
3781;892.331120
3782;892.331120
3783;892.331120
3784;892.331120
3785;892.331120
3786;892.331120
3787;892.331120
3788;892.331120
3789;892.331120
3790;892.331120
3791;892.331120
3792;892.331120
3793;892.331120
3794;892.331120
3795;892.331120
3796;892.331120
3797;892.331120
3798;892.331120
3799;892.331120
3800;892.331120
3801;892.331120
3802;892.331120
3803;892.331120
3804;892.331120
3805;892.331120
3806;892.331120
3807;892.331120
3808;892.331120
3809;892.331120
3810;892.331120
3811;892.331120
3812;892.331120
3813;892.331120
3814;892.331120
3815;892.331120
3816;892.331120
3817;892.331120
3818;892.331120
3819;892.331120
3820;892.331120
3821;892.331120
3822;892.331120
3823;892.331120
3824;892.331120
3825;892.331120
3826;892.331120
3827;892.331120
3828;892.331120
3829;892.331120
3830;892.331120
3831;892.331120
3832;892.331120
3833;892.331120
3834;892.331120
3835;892.331120
3836;892.331120
3837;892.331120
3838;892.331120
3839;892.331120
3840;892.331120
3841;892.331120
3842;892.331120
3843;892.331120
3844;892.331120
3845;892.331120
3846;892.331120
3847;892.331120
3848;892.331120
3849;892.331120
3850;892.331120
3851;892.331120
3852;892.331120
3853;892.331120
3854;892.331120
3855;892.331120
3856;892.331120
3857;892.331120
3858;892.331120
3859;892.331120
3860;892.331120
3861;892.331120
3862;892.331120
3863;892.331120
3864;892.331120
3865;892.331120
3866;892.331120
3867;892.331120
3868;892.331120
3869;892.331120
3870;892.331120
3871;892.331120
3872;892.331120
3873;892.331120
3874;892.331120
3875;892.331120
3876;892.331120
3877;892.331120
3878;892.331120
3879;892.331120
3880;892.331120
3881;892.331120
3882;892.331120
3883;892.331120
3884;892.331120
3885;892.331120
3886;892.331120
3887;892.331120
3888;892.331120
3889;892.331120
3890;892.331120
3891;892.331120
3892;892.331120
3893;892.331120
3894;892.331120
3895;892.331120
3896;892.331120
3897;892.331120
3898;892.331120
3899;892.331120
3900;892.331120
3901;892.331120
3902;892.331120
3903;892.331120
3904;892.331120
3905;892.331120
3906;892.331120
3907;892.331120
3908;892.331120
3909;892.331120
3910;892.331120
3911;892.331120
3912;892.331120
3913;892.331120
3914;892.331120
3915;892.331120
3916;892.331120
3917;892.331120
3918;892.331120
3919;892.331120
3920;892.331120
3921;892.331120
3922;892.331120
3923;892.331120
3924;892.331120
3925;892.331120
3926;892.331120
3927;892.331120
3928;892.331120
3929;892.331120
3930;892.331120
3931;892.331120
3932;892.331120
3933;892.331120
3934;892.331120
3935;892.331120
3936;892.331120
3937;892.331120
3938;892.331120
3939;892.331120
3940;892.331120
3941;892.331120
3942;892.331120
3943;892.331120
3944;892.331120
3945;892.331120
3946;892.331120
3947;892.331120
3948;892.331120
3949;892.331120
3950;892.331120
3951;892.331120
3952;892.331120
3953;892.331120
3954;892.331120
3955;892.331120
3956;892.331120
3957;892.331120
3958;892.331120
3959;892.331120
3960;892.331120
3961;892.331120
3962;892.331120
3963;892.331120
3964;892.331120
3965;892.331120
3966;892.331120
3967;892.331120
3968;892.331120
3969;892.331120
3970;892.331120
3971;892.331120
3972;892.331120
3973;892.331120
3974;892.331120
3975;892.331120
3976;892.331120
3977;892.331120
3978;892.331120
3979;892.331120
3980;892.331120
3981;892.331120
3982;892.331120
3983;892.331120
3984;892.331120
3985;892.331120
3986;892.331120
3987;892.331120
3988;892.331120
3989;892.331120
3990;892.331120
3991;892.331120
3992;892.331120
3993;892.331120
3994;892.331120
3995;892.331120
3996;892.331120
3997;892.331120
3998;892.331120
3999;892.331120
4000;892.331120
4001;892.331120
4002;892.331120
4003;892.331120
4004;892.331120
4005;892.331120
4006;892.331120
4007;892.331120
4008;892.331120
4009;892.331120
4010;892.331120
4011;892.331120
4012;892.331120
4013;892.331120
4014;892.331120
4015;892.331120
4016;892.331120
4017;892.331120
4018;892.331120
4019;892.331120
4020;892.331120
4021;892.331120
4022;892.331120
4023;892.331120
4024;892.331120
4025;892.331120
4026;892.331120
4027;892.331120
4028;892.331120
4029;892.331120
4030;892.331120
4031;892.331120
4032;892.331120
4033;892.331120
4034;892.331120
4035;892.331120
4036;892.331120
4037;892.331120
4038;892.331120
4039;892.331120
4040;892.331120
4041;892.331120
4042;892.331120
4043;892.331120
4044;892.331120
4045;892.331120
4046;892.331120
4047;892.331120
4048;892.331120
4049;892.331120
4050;892.331120
4051;892.331120
4052;892.331120
4053;892.331120
4054;892.331120
4055;892.331120
4056;892.331120
4057;892.331120
4058;892.331120
4059;892.331120
4060;892.331120
4061;892.331120
4062;892.331120
4063;892.331120
4064;892.331120
4065;892.331120
4066;892.331120
4067;892.331120
4068;892.331120
4069;892.331120
4070;892.331120
4071;892.331120
4072;892.331120
4073;892.331120
4074;892.331120
4075;892.331120
4076;892.331120
4077;892.331120
4078;892.331120
4079;892.331120
4080;892.331120
4081;892.331120
4082;892.331120
4083;892.331120
4084;892.331120
4085;892.331120
4086;892.331120
4087;892.331120
4088;892.331120
4089;892.331120
4090;892.331120
4091;892.331120
4092;892.331120
4093;892.331120
4094;892.331120
4095;892.331120
4096;892.331120
4097;892.331120
4098;892.331120
4099;892.331120
4100;892.331120
4101;892.331120
4102;892.331120
4103;892.331120
4104;892.331120
4105;892.331120
4106;892.331120
4107;892.331120
4108;892.331120
4109;892.331120
4110;892.331120
4111;892.331120
4112;892.331120
4113;892.331120
4114;892.331120
4115;892.331120
4116;892.331120
4117;892.331120
4118;892.331120
4119;892.331120
4120;892.331120
4121;892.331120
4122;892.331120
4123;892.331120
4124;892.331120
4125;892.331120
4126;892.331120
4127;892.331120
4128;892.331120
4129;892.331120
4130;892.331120
4131;892.331120
4132;892.331120
4133;892.331120
4134;892.331120
4135;892.331120
4136;892.331120
4137;892.331120
4138;892.331120
4139;892.331120
4140;892.331120
4141;892.331120
4142;892.331120
4143;892.331120
4144;892.331120
4145;892.331120
4146;892.331120
4147;892.331120
4148;892.331120
4149;892.331120
4150;892.331120
4151;892.331120
4152;892.331120
4153;892.331120
4154;892.331120
4155;892.331120
4156;892.331120
4157;892.331120
4158;892.331120
4159;892.331120
4160;892.331120
4161;892.331120
4162;892.331120
4163;892.331120
4164;892.331120
4165;892.331120
4166;892.331120
4167;892.331120
4168;892.331120
4169;892.331120
4170;892.331120
4171;892.331120
4172;892.331120
4173;892.331120
4174;892.331120
4175;892.331120
4176;892.331120
4177;892.331120
4178;892.331120
4179;892.331120
4180;892.331120
4181;892.331120
4182;892.331120
4183;892.331120
4184;892.331120
4185;892.331120
4186;892.331120
4187;892.331120
4188;892.331120
4189;892.331120
4190;892.331120
4191;892.331120
4192;892.331120
4193;892.331120
4194;892.331120
4195;892.331120
4196;892.331120
4197;892.331120
4198;892.331120
4199;892.331120
4200;892.331120
4201;892.331120
4202;892.331120
4203;892.331120
4204;892.331120
4205;892.331120
4206;892.331120
4207;892.331120
4208;892.331120
4209;892.331120
4210;892.331120
4211;892.331120
4212;892.331120
4213;892.331120
4214;892.331120
4215;892.331120
4216;892.331120
4217;892.331120
4218;892.331120
4219;892.331120
4220;892.331120
4221;892.331120
4222;892.331120
4223;892.331120
4224;892.331120
4225;892.331120
4226;892.331120
4227;892.331120
4228;892.331120
4229;892.331120
4230;892.331120
4231;892.331120
4232;892.331120
4233;892.331120
4234;892.331120
4235;892.331120
4236;892.331120
4237;892.331120
4238;892.331120
4239;892.331120
4240;892.331120
4241;892.331120
4242;892.331120
4243;892.331120
4244;892.331120
4245;892.331120
4246;892.331120
4247;892.331120
4248;892.331120
4249;892.331120
4250;892.331120
4251;892.331120
4252;892.331120
4253;892.331120
4254;892.331120
4255;892.331120
4256;892.331120
4257;892.331120
4258;892.331120
4259;892.331120
4260;892.331120
4261;892.331120
4262;892.331120
4263;892.331120
4264;892.331120
4265;892.331120
4266;892.331120
4267;892.331120
4268;892.331120
4269;892.331120
4270;892.331120
4271;892.331120
4272;892.331120
4273;892.331120
4274;892.331120
4275;892.331120
4276;892.331120
4277;892.331120
4278;892.331120
4279;892.331120
4280;892.331120
4281;892.331120
4282;892.331120
4283;892.331120
4284;892.331120
4285;892.331120
4286;892.331120
4287;892.331120
4288;892.331120
4289;892.331120
4290;892.331120
4291;892.331120
4292;892.331120
4293;892.331120
4294;892.331120
4295;892.331120
4296;892.331120
4297;892.331120
4298;892.331120
4299;892.331120
4300;892.331120
4301;892.331120
4302;892.331120
4303;892.331120
4304;892.331120
4305;892.331120
4306;892.331120
4307;892.331120
4308;892.331120
4309;892.331120
4310;892.331120
4311;892.331120
4312;892.331120
4313;892.331120
4314;892.331120
4315;892.331120
4316;892.331120
4317;892.331120
4318;892.331120
4319;892.331120
4320;892.331120
4321;892.331120
4322;892.331120
4323;892.331120
4324;892.331120
4325;892.331120
4326;892.331120
4327;892.331120
4328;892.331120
4329;892.331120
4330;892.331120
4331;892.331120
4332;892.331120
4333;892.331120
4334;892.331120
4335;892.331120
4336;892.331120
4337;892.331120
4338;892.331120
4339;892.331120
4340;892.331120
4341;892.331120
4342;892.331120
4343;892.331120
4344;892.331120
4345;892.331120
4346;892.331120
4347;892.331120
4348;892.331120
4349;892.331120
4350;892.331120
4351;892.331120
4352;892.331120
4353;892.331120
4354;892.331120
4355;892.331120
4356;892.331120
4357;892.331120
4358;892.331120
4359;892.331120
4360;892.331120
4361;892.331120
4362;892.331120
4363;892.331120
4364;892.331120
4365;892.331120
4366;892.331120
4367;892.331120
4368;892.331120
4369;892.331120
4370;892.331120
4371;892.331120
4372;892.331120
4373;892.331120
4374;892.331120
4375;892.331120
4376;892.331120
4377;892.331120
4378;892.331120
4379;892.331120
4380;892.331120
4381;892.331120
4382;892.331120
4383;892.331120
4384;892.331120
4385;892.331120
4386;892.331120
4387;892.331120
4388;892.331120
4389;892.331120
4390;892.331120
4391;892.331120
4392;892.331120
4393;892.331120
4394;892.331120
4395;892.331120
4396;892.331120
4397;892.331120
4398;892.331120
4399;892.331120
4400;892.331120
4401;892.331120
4402;892.331120
4403;892.331120
4404;892.331120
4405;892.331120
4406;892.331120
4407;892.331120
4408;892.331120
4409;892.331120
4410;892.331120
4411;892.331120
4412;892.331120
4413;892.331120
4414;892.331120
4415;892.331120
4416;892.331120
4417;892.331120
4418;892.331120
4419;892.331120
4420;892.331120
4421;892.331120
4422;892.331120
4423;892.331120
4424;892.331120
4425;892.331120
4426;892.331120
4427;892.331120
4428;892.331120
4429;892.331120
4430;892.331120
4431;892.331120
4432;892.331120
4433;892.331120
4434;892.331120
4435;892.331120
4436;892.331120
4437;892.331120
4438;892.331120
4439;892.331120
4440;892.331120
4441;892.331120
4442;892.331120
4443;892.331120
4444;892.331120
4445;892.331120
4446;892.331120
4447;892.331120
4448;892.331120
4449;892.331120
4450;892.331120
4451;892.331120
4452;892.331120
4453;892.331120
4454;892.331120
4455;892.331120
4456;892.331120
4457;892.331120
4458;892.331120
4459;892.331120
4460;892.331120
4461;892.331120
4462;892.331120
4463;892.331120
4464;892.331120
4465;892.331120
4466;892.331120
4467;892.331120
4468;892.331120
4469;892.331120
4470;892.331120
4471;892.331120
4472;892.331120
4473;892.331120
4474;892.331120
4475;892.331120
4476;892.331120
4477;892.331120
4478;892.331120
4479;892.331120
4480;892.331120
4481;892.331120
4482;892.331120
4483;892.331120
4484;892.331120
4485;892.331120
4486;892.331120
4487;892.331120
4488;892.331120
4489;892.331120
4490;892.331120
4491;892.331120
4492;892.331120
4493;892.331120
4494;892.331120
4495;892.331120
4496;892.331120
4497;892.331120
4498;892.331120
4499;892.331120
4500;892.331120
4501;892.331120
4502;892.331120
4503;892.331120
4504;892.331120
4505;892.331120
4506;892.331120
4507;892.331120
4508;892.331120
4509;892.331120
4510;892.331120
4511;892.331120
4512;892.331120
4513;892.331120
4514;892.331120
4515;892.331120
4516;892.331120
4517;892.331120
4518;892.331120
4519;892.331120
4520;892.331120
4521;892.331120
4522;892.331120
4523;892.331120
4524;892.331120
4525;892.331120
4526;892.331120
4527;892.331120
4528;892.331120
4529;892.331120
4530;892.331120
4531;892.331120
4532;892.331120
4533;892.331120
4534;892.331120
4535;892.331120
4536;892.331120
4537;892.331120
4538;892.331120
4539;892.331120
4540;892.331120
4541;892.331120
4542;892.331120
4543;892.331120
4544;892.331120
4545;892.331120
4546;892.331120
4547;892.331120
4548;892.331120
4549;892.331120
4550;892.331120
4551;892.331120
4552;892.331120
4553;892.331120
4554;892.331120
4555;892.331120
4556;892.331120
4557;892.331120
4558;892.331120
4559;892.331120
4560;892.331120
4561;892.331120
4562;892.331120
4563;892.331120
4564;892.331120
4565;892.331120
4566;892.331120
4567;892.331120
4568;892.331120
4569;892.331120
4570;892.331120
4571;892.331120
4572;892.331120
4573;892.331120
4574;892.331120
4575;892.331120
4576;892.331120
4577;892.331120
4578;892.331120
4579;892.331120
4580;892.331120
4581;892.331120
4582;892.331120
4583;892.331120
4584;892.331120
4585;892.331120
4586;892.331120
4587;892.331120
4588;892.331120
4589;892.331120
4590;892.331120
4591;892.331120
4592;892.331120
4593;892.331120
4594;892.331120
4595;892.331120
4596;892.331120
4597;892.331120
4598;892.331120
4599;892.331120
4600;892.331120
4601;892.331120
4602;892.331120
4603;892.331120
4604;892.331120
4605;892.331120
4606;892.331120
4607;892.331120
4608;892.331120
4609;892.331120
4610;892.331120
4611;892.331120
4612;892.331120
4613;892.331120
4614;892.331120
4615;892.331120
4616;892.331120
4617;892.331120
4618;892.331120
4619;892.331120
4620;892.331120
4621;892.331120
4622;892.331120
4623;892.331120
4624;892.331120
4625;892.331120
4626;892.331120
4627;892.331120
4628;892.331120
4629;892.331120
4630;892.331120
4631;892.331120
4632;892.331120
4633;892.331120
4634;892.331120
4635;892.331120
4636;892.331120
4637;892.331120
4638;892.331120
4639;892.331120
4640;892.331120
4641;892.331120
4642;892.331120
4643;892.331120
4644;892.331120
4645;892.331120
4646;892.331120
4647;892.331120
4648;892.331120
4649;892.331120
4650;892.331120
4651;892.331120
4652;892.331120
4653;892.331120
4654;892.331120
4655;892.331120
4656;892.331120
4657;892.331120
4658;892.331120
4659;892.331120
4660;892.331120
4661;892.331120
4662;892.331120
4663;892.331120
4664;892.331120
4665;892.331120
4666;892.331120
4667;892.331120
4668;892.331120
4669;892.331120
4670;892.331120
4671;892.331120
4672;892.331120
4673;892.331120
4674;892.331120
4675;892.331120
4676;892.331120
4677;892.331120
4678;892.331120
4679;892.331120
4680;892.331120
4681;892.331120
4682;892.331120
4683;892.331120
4684;892.331120
4685;892.331120
4686;892.331120
4687;892.331120
4688;892.331120
4689;892.331120
4690;892.331120
4691;892.331120
4692;892.331120
4693;892.331120
4694;892.331120
4695;892.331120
4696;892.331120
4697;892.331120
4698;892.331120
4699;892.331120
4700;892.331120
4701;892.331120
4702;892.331120
4703;892.331120
4704;892.331120
4705;892.331120
4706;892.331120
4707;892.331120
4708;892.331120
4709;892.331120
4710;892.331120
4711;892.331120
4712;892.331120
4713;892.331120
4714;892.331120
4715;892.331120
4716;892.331120
4717;892.331120
4718;892.331120
4719;892.331120
4720;892.331120
4721;892.331120
4722;892.331120
4723;892.331120
4724;892.331120
4725;892.331120
4726;892.331120
4727;892.331120
4728;892.331120
4729;892.331120
4730;892.331120
4731;892.331120
4732;892.331120
4733;892.331120
4734;892.331120
4735;892.331120
4736;892.331120
4737;892.331120
4738;892.331120
4739;892.331120
4740;892.331120
4741;892.331120
4742;892.331120
4743;892.331120
4744;892.331120
4745;892.331120
4746;892.331120
4747;892.331120
4748;892.331120
4749;892.331120
4750;892.331120
4751;892.331120
4752;892.331120
4753;892.331120
4754;892.331120
4755;892.331120
4756;892.331120
4757;892.331120
4758;892.331120
4759;892.331120
4760;892.331120
4761;892.331120
4762;892.331120
4763;892.331120
4764;892.331120
4765;892.331120
4766;892.331120
4767;892.331120
4768;892.331120
4769;892.331120
4770;892.331120
4771;892.331120
4772;892.331120
4773;892.331120
4774;892.331120
4775;892.331120
4776;892.331120
4777;892.331120
4778;892.331120
4779;892.331120
4780;892.331120
4781;892.331120
4782;892.331120
4783;892.331120
4784;892.331120
4785;892.331120
4786;892.331120
4787;892.331120
4788;892.331120
4789;892.331120
4790;892.331120
4791;892.331120
4792;892.331120
4793;892.331120
4794;892.331120
4795;892.331120
4796;892.331120
4797;892.331120
4798;892.331120
4799;892.331120
4800;892.331120
4801;892.331120
4802;892.331120
4803;892.331120
4804;892.331120
4805;892.331120
4806;892.331120
4807;892.331120
4808;892.331120
4809;892.331120
4810;892.331120
4811;892.331120
4812;892.331120
4813;892.331120
4814;892.331120
4815;892.331120
4816;892.331120
4817;892.331120
4818;892.331120
4819;892.331120
4820;892.331120
4821;892.331120
4822;892.331120
4823;892.331120
4824;892.331120
4825;892.331120
4826;892.331120
4827;892.331120
4828;892.331120
4829;892.331120
4830;892.331120
4831;892.331120
4832;892.331120
4833;892.331120
4834;892.331120
4835;892.331120
4836;892.331120
4837;892.331120
4838;892.331120
4839;892.331120
4840;892.331120
4841;892.331120
4842;892.331120
4843;892.331120
4844;892.331120
4845;892.331120
4846;892.331120
4847;892.331120
4848;892.331120
4849;892.331120
4850;892.331120
4851;892.331120
4852;892.331120
4853;892.331120
4854;892.331120
4855;892.331120
4856;892.331120
4857;892.331120
4858;892.331120
4859;892.331120
4860;892.331120
4861;892.331120
4862;892.331120
4863;892.331120
4864;892.331120
4865;892.331120
4866;892.331120
4867;892.331120
4868;892.331120
4869;892.331120
4870;892.331120
4871;892.331120
4872;892.331120
4873;892.331120
4874;892.331120
4875;892.331120
4876;892.331120
4877;892.331120
4878;892.331120
4879;892.331120
4880;892.331120
4881;892.331120
4882;892.331120
4883;892.331120
4884;892.331120
4885;892.331120
4886;892.331120
4887;892.331120
4888;892.331120
4889;892.331120
4890;892.331120
4891;892.331120
4892;892.331120
4893;892.331120
4894;892.331120
4895;892.331120
4896;892.331120
4897;892.331120
4898;892.331120
4899;892.331120
4900;892.331120
4901;892.331120
4902;892.331120
4903;892.331120
4904;892.331120
4905;892.331120
4906;892.331120
4907;892.331120
4908;892.331120
4909;892.331120
4910;892.331120
4911;892.331120
4912;892.331120
4913;892.331120
4914;892.331120
4915;892.331120
4916;892.331120
4917;892.331120
4918;892.331120
4919;892.331120
4920;892.331120
4921;892.331120
4922;892.331120
4923;892.331120
4924;892.331120
4925;892.331120
4926;892.331120
4927;892.331120
4928;892.331120
4929;892.331120
4930;892.331120
4931;892.331120
4932;892.331120
4933;892.331120
4934;892.331120
4935;892.331120
4936;892.331120
4937;892.331120
4938;892.331120
4939;892.331120
4940;892.331120
4941;892.331120
4942;892.331120
4943;892.331120
4944;892.331120
4945;892.331120
4946;892.331120
4947;892.331120
4948;892.331120
4949;892.331120
4950;892.331120
4951;892.331120
4952;892.331120
4953;892.331120
4954;892.331120
4955;892.331120
4956;892.331120
4957;892.331120
4958;892.331120
4959;892.331120
4960;892.331120
4961;892.331120
4962;892.331120
4963;892.331120
4964;892.331120
4965;892.331120
4966;892.331120
4967;892.331120
4968;892.331120
4969;892.331120
4970;892.331120
4971;892.331120
4972;892.331120
4973;892.331120
4974;892.331120
4975;892.331120
4976;892.331120
4977;892.331120
4978;892.331120
4979;892.331120
4980;892.331120
4981;892.331120
4982;892.331120
4983;892.331120
4984;892.331120
4985;892.331120
4986;892.331120
4987;892.331120
4988;892.331120
4989;892.331120
4990;892.331120
4991;892.331120
4992;892.331120
4993;892.331120
4994;892.331120
4995;892.331120
4996;892.331120
4997;892.331120
4998;892.331120
4999;892.331120
5000;892.331120
5001;892.331120
