1;928.094374
2;928.094374
3;928.094374
4;928.094374
5;928.094374
6;928.094374
7;928.094374
8;928.094374
9;928.094374
10;928.094374
11;928.094374
12;928.094374
13;928.094374
14;928.094374
15;928.094374
16;928.094374
17;928.094374
18;928.094374
19;928.094374
20;928.094374
21;928.094374
22;928.094374
23;928.094374
24;928.094374
25;928.094374
26;928.094374
27;928.094374
28;928.094374
29;928.094374
30;928.094374
31;928.094374
32;928.094374
33;928.094374
34;928.094374
35;928.094374
36;928.094374
37;928.094374
38;928.094374
39;928.094374
40;928.094374
41;928.094374
42;928.094374
43;928.094374
44;928.094374
45;928.094374
46;928.094374
47;928.094374
48;928.094374
49;928.094374
50;928.094374
51;928.094374
52;928.094374
53;928.094374
54;928.094374
55;928.094374
56;928.094374
57;928.094374
58;928.094374
59;928.094374
60;928.094374
61;928.094374
62;928.094374
63;928.094374
64;928.094374
65;928.094374
66;928.094374
67;928.094374
68;928.094374
69;928.094374
70;928.094374
71;928.094374
72;928.094374
73;928.094374
74;928.094374
75;928.094374
76;928.094374
77;928.094374
78;928.094374
79;928.094374
80;928.094374
81;928.094374
82;928.094374
83;928.094374
84;928.094374
85;928.094374
86;928.094374
87;928.094374
88;928.094374
89;928.094374
90;928.094374
91;928.094374
92;928.094374
93;928.094374
94;928.094374
95;928.094374
96;928.094374
97;928.094374
98;928.094374
99;928.094374
100;928.094374
101;928.094374
102;928.094374
103;928.094374
104;928.094374
105;928.094374
106;928.094374
107;928.094374
108;928.094374
109;928.094374
110;928.094374
111;928.094374
112;928.094374
113;928.094374
114;928.094374
115;928.094374
116;928.094374
117;928.094374
118;928.094374
119;928.094374
120;928.094374
121;928.094374
122;928.094374
123;928.094374
124;928.094374
125;928.094374
126;928.094374
127;928.094374
128;928.094374
129;928.094374
130;928.094374
131;928.094374
132;928.094374
133;928.094374
134;928.094374
135;928.094374
136;928.094374
137;928.094374
138;928.094374
139;928.094374
140;928.094374
141;928.094374
142;928.094374
143;928.094374
144;928.094374
145;928.094374
146;928.094374
147;928.094374
148;928.094374
149;928.094374
150;928.094374
151;928.094374
152;928.094374
153;928.094374
154;928.094374
155;928.094374
156;928.094374
157;928.094374
158;928.094374
159;928.094374
160;928.094374
161;928.094374
162;928.094374
163;928.094374
164;928.094374
165;928.094374
166;928.094374
167;928.094374
168;928.094374
169;928.094374
170;928.094374
171;928.094374
172;928.094374
173;928.094374
174;928.094374
175;928.094374
176;928.094374
177;928.094374
178;928.094374
179;928.094374
180;928.094374
181;928.094374
182;928.094374
183;928.094374
184;928.094374
185;928.094374
186;928.094374
187;928.094374
188;928.094374
189;928.094374
190;928.094374
191;928.094374
192;928.094374
193;928.094374
194;928.094374
195;928.094374
196;928.094374
197;928.094374
198;928.094374
199;928.094374
200;928.094374
201;928.094374
202;928.094374
203;928.094374
204;928.094374
205;928.094374
206;928.094374
207;928.094374
208;928.094374
209;928.094374
210;928.094374
211;928.094374
212;928.094374
213;928.094374
214;928.094374
215;928.094374
216;928.094374
217;928.094374
218;928.094374
219;928.094374
220;928.094374
221;928.094374
222;928.094374
223;928.094374
224;928.094374
225;928.094374
226;928.094374
227;928.094374
228;928.094374
229;928.094374
230;928.094374
231;928.094374
232;928.094374
233;928.094374
234;928.094374
235;928.094374
236;928.094374
237;928.094374
238;928.094374
239;928.094374
240;928.094374
241;928.094374
242;928.094374
243;928.094374
244;928.094374
245;928.094374
246;928.094374
247;928.094374
248;928.094374
249;928.094374
250;928.094374
251;928.094374
252;928.094374
253;928.094374
254;928.094374
255;928.094374
256;928.094374
257;928.094374
258;928.094374
259;928.094374
260;928.094374
261;928.094374
262;928.094374
263;928.094374
264;928.094374
265;928.094374
266;928.094374
267;928.094374
268;928.094374
269;928.094374
270;928.094374
271;928.094374
272;928.094374
273;928.094374
274;928.094374
275;928.094374
276;928.094374
277;928.094374
278;928.094374
279;928.094374
280;928.094374
281;928.094374
282;928.094374
283;928.094374
284;928.094374
285;928.094374
286;928.094374
287;928.094374
288;928.094374
289;928.094374
290;928.094374
291;928.094374
292;928.094374
293;928.094374
294;928.094374
295;928.094374
296;928.094374
297;928.094374
298;928.094374
299;928.094374
300;928.094374
301;928.094374
302;928.094374
303;928.094374
304;928.094374
305;928.094374
306;928.094374
307;928.094374
308;928.094374
309;928.094374
310;928.094374
311;928.094374
312;928.094374
313;928.094374
314;928.094374
315;928.094374
316;928.094374
317;928.094374
318;928.094374
319;928.094374
320;928.094374
321;928.094374
322;928.094374
323;928.094374
324;928.094374
325;928.094374
326;928.094374
327;928.094374
328;928.094374
329;928.094374
330;928.094374
331;928.094374
332;928.094374
333;928.094374
334;928.094374
335;928.094374
336;928.094374
337;928.094374
338;928.094374
339;928.094374
340;928.094374
341;928.094374
342;928.094374
343;928.094374
344;928.094374
345;928.094374
346;928.094374
347;928.094374
348;928.094374
349;928.094374
350;928.094374
351;928.094374
352;928.094374
353;928.094374
354;928.094374
355;928.094374
356;928.094374
357;928.094374
358;928.094374
359;928.094374
360;928.094374
361;928.094374
362;928.094374
363;928.094374
364;928.094374
365;928.094374
366;928.094374
367;928.094374
368;928.094374
369;928.094374
370;928.094374
371;928.094374
372;928.094374
373;928.094374
374;928.094374
375;928.094374
376;928.094374
377;928.094374
378;928.094374
379;928.094374
380;928.094374
381;928.094374
382;928.094374
383;928.094374
384;928.094374
385;928.094374
386;928.094374
387;928.094374
388;928.094374
389;928.094374
390;928.094374
391;928.094374
392;928.094374
393;928.094374
394;928.094374
395;928.094374
396;928.094374
397;928.094374
398;928.094374
399;928.094374
400;928.094374
401;928.094374
402;928.094374
403;928.094374
404;928.094374
405;928.094374
406;928.094374
407;928.094374
408;928.094374
409;928.094374
410;928.094374
411;928.094374
412;928.094374
413;928.094374
414;928.094374
415;928.094374
416;928.094374
417;928.094374
418;928.094374
419;928.094374
420;928.094374
421;928.094374
422;928.094374
423;928.094374
424;928.094374
425;928.094374
426;928.094374
427;928.094374
428;928.094374
429;928.094374
430;928.094374
431;928.094374
432;928.094374
433;928.094374
434;928.094374
435;928.094374
436;928.094374
437;928.094374
438;928.094374
439;928.094374
440;928.094374
441;928.094374
442;928.094374
443;928.094374
444;928.094374
445;928.094374
446;928.094374
447;928.094374
448;928.094374
449;928.094374
450;928.094374
451;928.094374
452;928.094374
453;928.094374
454;928.094374
455;928.094374
456;928.094374
457;928.094374
458;928.094374
459;928.094374
460;928.094374
461;928.094374
462;928.094374
463;928.094374
464;928.094374
465;928.094374
466;928.094374
467;928.094374
468;928.094374
469;928.094374
470;928.094374
471;928.094374
472;928.094374
473;928.094374
474;928.094374
475;928.094374
476;928.094374
477;928.094374
478;928.094374
479;928.094374
480;928.094374
481;928.094374
482;928.094374
483;928.094374
484;928.094374
485;928.094374
486;928.094374
487;928.094374
488;928.094374
489;928.094374
490;928.094374
491;928.094374
492;928.094374
493;928.094374
494;928.094374
495;928.094374
496;928.094374
497;928.094374
498;928.094374
499;928.094374
500;928.094374
501;928.094374
