1;892.331120
2;892.331120
3;892.331120
4;892.331120
5;892.331120
6;892.331120
7;892.331120
8;892.331120
9;892.331120
10;892.331120
11;892.331120
12;892.331120
13;892.331120
14;892.331120
15;892.331120
16;892.331120
17;892.331120
18;892.331120
19;892.331120
20;892.331120
21;892.331120
22;892.331120
23;892.331120
24;892.331120
25;892.331120
26;892.331120
27;892.331120
28;892.331120
29;892.331120
30;892.331120
31;892.331120
32;892.331120
33;892.331120
34;892.331120
35;892.331120
36;892.331120
37;892.331120
38;892.331120
39;892.331120
40;892.331120
41;892.331120
42;892.331120
43;892.331120
44;892.331120
45;892.331120
46;892.331120
47;892.331120
48;892.331120
49;892.331120
50;892.331120
51;892.331120
