1;878.937655
2;878.937655
3;878.937655
4;878.937655
5;878.937655
6;878.937655
7;878.937655
8;878.937655
9;878.937655
10;878.937655
11;878.937655
12;878.937655
13;878.937655
14;878.937655
15;878.937655
16;878.937655
17;878.937655
18;878.937655
19;878.937655
20;878.937655
21;878.937655
22;878.937655
23;878.937655
24;878.937655
25;878.937655
26;878.937655
27;878.937655
28;878.937655
29;878.937655
30;878.937655
31;878.937655
32;878.937655
33;878.937655
34;878.937655
35;878.937655
36;878.937655
37;878.937655
38;878.937655
39;878.937655
40;878.937655
41;878.937655
42;878.937655
43;878.937655
44;878.937655
45;878.937655
46;878.937655
47;878.937655
48;878.937655
49;878.937655
50;878.937655
51;878.937655
52;878.937655
53;878.937655
54;878.937655
55;878.937655
56;878.937655
57;878.937655
58;878.937655
59;878.937655
60;878.937655
61;878.937655
62;878.937655
63;878.937655
64;878.937655
65;878.937655
66;878.937655
67;878.937655
68;878.937655
69;878.937655
70;878.937655
71;878.937655
72;878.937655
73;878.937655
74;878.937655
75;878.937655
76;878.937655
77;878.937655
78;878.937655
79;878.937655
80;878.937655
81;878.937655
82;878.937655
83;878.937655
84;878.937655
85;878.937655
86;878.937655
87;878.937655
88;878.937655
89;878.937655
90;878.937655
91;878.937655
92;878.937655
93;878.937655
94;878.937655
95;878.937655
96;878.937655
97;878.937655
98;878.937655
99;878.937655
100;878.937655
101;878.937655
102;878.937655
103;878.937655
104;878.937655
105;878.937655
106;878.937655
107;878.937655
108;878.937655
109;878.937655
110;878.937655
111;878.937655
112;878.937655
113;878.937655
114;878.937655
115;878.937655
116;878.937655
117;878.937655
118;878.937655
119;878.937655
120;878.937655
121;878.937655
122;878.937655
123;878.937655
124;878.937655
125;878.937655
126;878.937655
127;878.937655
128;878.937655
129;878.937655
130;878.937655
131;878.937655
132;878.937655
133;878.937655
134;878.937655
135;878.937655
136;878.937655
137;878.937655
138;878.937655
139;878.937655
140;878.937655
141;878.937655
142;878.937655
143;878.937655
144;878.937655
145;878.937655
146;878.937655
147;878.937655
148;878.937655
149;878.937655
150;878.937655
151;878.937655
152;878.937655
153;878.937655
154;878.937655
155;878.937655
156;878.937655
157;878.937655
158;878.937655
159;878.937655
160;878.937655
161;878.937655
162;878.937655
163;878.937655
164;878.937655
165;878.937655
166;878.937655
167;878.937655
168;878.937655
169;878.937655
170;878.937655
171;878.937655
172;878.937655
173;878.937655
174;878.937655
175;878.937655
176;878.937655
177;878.937655
178;878.937655
179;878.937655
180;878.937655
181;878.937655
182;878.937655
183;878.937655
184;878.937655
185;878.937655
186;878.937655
187;878.937655
188;878.937655
189;878.937655
190;878.937655
191;878.937655
192;878.937655
193;878.937655
194;878.937655
195;878.937655
196;878.937655
197;878.937655
198;878.937655
199;878.937655
200;878.937655
201;878.937655
202;878.937655
203;878.937655
204;878.937655
205;878.937655
206;878.937655
207;878.937655
208;878.937655
209;878.937655
210;878.937655
211;878.937655
212;878.937655
213;878.937655
214;878.937655
215;878.937655
216;878.937655
217;878.937655
218;878.937655
219;878.937655
220;878.937655
221;878.937655
222;878.937655
223;878.937655
224;878.937655
225;878.937655
226;878.937655
227;878.937655
228;878.937655
229;878.937655
230;878.937655
231;878.937655
232;878.937655
233;878.937655
234;878.937655
235;878.937655
236;878.937655
237;878.937655
238;878.937655
239;878.937655
240;878.937655
241;878.937655
242;878.937655
243;878.937655
244;878.937655
245;878.937655
246;878.937655
247;878.937655
248;878.937655
249;878.937655
250;878.937655
251;878.937655
252;878.937655
253;878.937655
254;878.937655
255;878.937655
256;878.937655
257;878.937655
258;878.937655
259;878.937655
260;878.937655
261;878.937655
262;878.937655
263;878.937655
264;878.937655
265;878.937655
266;878.937655
267;878.937655
268;878.937655
269;878.937655
270;878.937655
271;878.937655
272;878.937655
273;878.937655
274;878.937655
275;878.937655
276;878.937655
277;878.937655
278;878.937655
279;878.937655
280;878.937655
281;878.937655
282;878.937655
283;878.937655
284;878.937655
285;878.937655
286;878.937655
287;878.937655
288;878.937655
289;878.937655
290;878.937655
291;878.937655
292;878.937655
293;878.937655
294;878.937655
295;878.937655
296;878.937655
297;878.937655
298;878.937655
299;878.937655
300;878.937655
301;878.937655
302;878.937655
303;878.937655
304;878.937655
305;878.937655
306;878.937655
307;878.937655
308;878.937655
309;878.937655
310;878.937655
311;878.937655
312;878.937655
313;878.937655
314;878.937655
315;878.937655
316;878.937655
317;878.937655
318;878.937655
319;878.937655
320;878.937655
321;878.937655
322;878.937655
323;878.937655
324;878.937655
325;878.937655
326;878.937655
327;878.937655
328;878.937655
329;878.937655
330;878.937655
331;878.937655
332;878.937655
333;878.937655
334;878.937655
335;878.937655
336;878.937655
337;878.937655
338;878.937655
339;878.937655
340;878.937655
341;878.937655
342;878.937655
343;878.937655
344;878.937655
345;878.937655
346;878.937655
347;878.937655
348;878.937655
349;878.937655
350;878.937655
351;878.937655
352;878.937655
353;878.937655
354;878.937655
355;878.937655
356;878.937655
357;878.937655
358;878.937655
359;878.937655
360;878.937655
361;878.937655
362;878.937655
363;878.937655
364;878.937655
365;878.937655
366;878.937655
367;878.937655
368;878.937655
369;878.937655
370;878.937655
371;878.937655
372;878.937655
373;878.937655
374;878.937655
375;878.937655
376;878.937655
377;878.937655
378;878.937655
379;878.937655
380;878.937655
381;878.937655
382;878.937655
383;878.937655
384;878.937655
385;878.937655
386;878.937655
387;878.937655
388;878.937655
389;878.937655
390;878.937655
391;878.937655
392;878.937655
393;878.937655
394;878.937655
395;878.937655
396;878.937655
397;878.937655
398;878.937655
399;878.937655
400;878.937655
401;878.937655
402;878.937655
403;878.937655
404;878.937655
405;878.937655
406;878.937655
407;878.937655
408;878.937655
409;878.937655
410;878.937655
411;878.937655
412;878.937655
413;878.937655
414;878.937655
415;878.937655
416;878.937655
417;878.937655
418;878.937655
419;878.937655
420;878.937655
421;878.937655
422;878.937655
423;878.937655
424;878.937655
425;878.937655
426;878.937655
427;878.937655
428;878.937655
429;878.937655
430;878.937655
431;878.937655
432;878.937655
433;878.937655
434;878.937655
435;878.937655
436;878.937655
437;878.937655
438;878.937655
439;878.937655
440;878.937655
441;878.937655
442;878.937655
443;878.937655
444;878.937655
445;878.937655
446;878.937655
447;878.937655
448;878.937655
449;878.937655
450;878.937655
451;878.937655
452;878.937655
453;878.937655
454;878.937655
455;878.937655
456;878.937655
457;878.937655
458;878.937655
459;878.937655
460;878.937655
461;878.937655
462;878.937655
463;878.937655
464;878.937655
465;878.937655
466;878.937655
467;878.937655
468;878.937655
469;878.937655
470;878.937655
471;878.937655
472;878.937655
473;878.937655
474;878.937655
475;878.937655
476;878.937655
477;878.937655
478;878.937655
479;878.937655
480;878.937655
481;878.937655
482;878.937655
483;878.937655
484;878.937655
485;878.937655
486;878.937655
487;878.937655
488;878.937655
489;878.937655
490;878.937655
491;878.937655
492;878.937655
493;878.937655
494;878.937655
495;878.937655
496;878.937655
497;878.937655
498;878.937655
499;878.937655
500;878.937655
501;878.937655
502;878.937655
503;878.937655
504;878.937655
505;878.937655
506;878.937655
507;878.937655
508;878.937655
509;878.937655
510;878.937655
511;878.937655
512;878.937655
513;878.937655
514;878.937655
515;878.937655
516;878.937655
517;878.937655
518;878.937655
519;878.937655
520;878.937655
521;878.937655
522;878.937655
523;878.937655
524;878.937655
525;878.937655
526;878.937655
527;878.937655
528;878.937655
529;878.937655
530;878.937655
531;878.937655
532;878.937655
533;878.937655
534;878.937655
535;878.937655
536;878.937655
537;878.937655
538;878.937655
539;878.937655
540;878.937655
541;878.937655
542;878.937655
543;878.937655
544;878.937655
545;878.937655
546;878.937655
547;878.937655
548;878.937655
549;878.937655
550;878.937655
551;878.937655
552;878.937655
553;878.937655
554;878.937655
555;878.937655
556;878.937655
557;878.937655
558;878.937655
559;878.937655
560;878.937655
561;878.937655
562;878.937655
563;878.937655
564;878.937655
565;878.937655
566;878.937655
567;878.937655
568;878.937655
569;878.937655
570;878.937655
571;878.937655
572;878.937655
573;878.937655
574;878.937655
575;878.937655
576;878.937655
577;878.937655
578;878.937655
579;878.937655
580;878.937655
581;878.937655
582;878.937655
583;878.937655
584;878.937655
585;878.937655
586;878.937655
587;878.937655
588;878.937655
589;878.937655
590;878.937655
591;878.937655
592;878.937655
593;878.937655
594;878.937655
595;878.937655
596;878.937655
597;878.937655
598;878.937655
599;878.937655
600;878.937655
601;878.937655
602;878.937655
603;878.937655
604;878.937655
605;878.937655
606;878.937655
607;878.937655
608;878.937655
609;878.937655
610;878.937655
611;878.937655
612;878.937655
613;878.937655
614;878.937655
615;878.937655
616;878.937655
617;878.937655
618;878.937655
619;878.937655
620;878.937655
621;878.937655
622;878.937655
623;878.937655
624;878.937655
625;878.937655
626;878.937655
627;878.937655
628;878.937655
629;878.937655
630;878.937655
631;878.937655
632;878.937655
633;878.937655
634;878.937655
635;878.937655
636;878.937655
637;878.937655
638;878.937655
639;878.937655
640;878.937655
641;878.937655
642;878.937655
643;878.937655
644;878.937655
645;878.937655
646;878.937655
647;878.937655
648;878.937655
649;878.937655
650;878.937655
651;878.937655
652;878.937655
653;878.937655
654;878.937655
655;878.937655
656;878.937655
657;878.937655
658;878.937655
659;878.937655
660;878.937655
661;878.937655
662;878.937655
663;878.937655
664;878.937655
665;878.937655
666;878.937655
667;878.937655
668;878.937655
669;878.937655
670;878.937655
671;878.937655
672;878.937655
673;878.937655
674;878.937655
675;878.937655
676;878.937655
677;878.937655
678;878.937655
679;878.937655
680;878.937655
681;878.937655
682;878.937655
683;878.937655
684;878.937655
685;878.937655
686;878.937655
687;878.937655
688;878.937655
689;878.937655
690;878.937655
691;878.937655
692;878.937655
693;878.937655
694;878.937655
695;878.937655
696;878.937655
697;878.937655
698;878.937655
699;878.937655
700;878.937655
701;878.937655
702;878.937655
703;878.937655
704;878.937655
705;878.937655
706;878.937655
707;878.937655
708;878.937655
709;878.937655
710;878.937655
711;878.937655
712;878.937655
713;878.937655
714;878.937655
715;878.937655
716;878.937655
717;878.937655
718;878.937655
719;878.937655
720;878.937655
721;878.937655
722;878.937655
723;878.937655
724;878.937655
725;878.937655
726;878.937655
727;878.937655
728;878.937655
729;878.937655
730;878.937655
731;878.937655
732;878.937655
733;878.937655
734;878.937655
735;878.937655
736;878.937655
737;878.937655
738;878.937655
739;878.937655
740;878.937655
741;878.937655
742;878.937655
743;878.937655
744;878.937655
745;878.937655
746;878.937655
747;878.937655
748;878.937655
749;878.937655
750;878.937655
751;878.937655
752;878.937655
753;878.937655
754;878.937655
755;878.937655
756;878.937655
757;878.937655
758;878.937655
759;878.937655
760;878.937655
761;878.937655
762;878.937655
763;878.937655
764;878.937655
765;878.937655
766;878.937655
767;878.937655
768;878.937655
769;878.937655
770;878.937655
771;878.937655
772;878.937655
773;878.937655
774;878.937655
775;878.937655
776;878.937655
777;878.937655
778;878.937655
779;878.937655
780;878.937655
781;878.937655
782;878.937655
783;878.937655
784;878.937655
785;878.937655
786;878.937655
787;878.937655
788;878.937655
789;878.937655
790;878.937655
791;878.937655
792;878.937655
793;878.937655
794;878.937655
795;878.937655
796;878.937655
797;878.937655
798;878.937655
799;878.937655
800;878.937655
801;878.937655
802;878.937655
803;878.937655
804;878.937655
805;878.937655
806;878.937655
807;878.937655
808;878.937655
809;878.937655
810;878.937655
811;878.937655
812;878.937655
813;878.937655
814;878.937655
815;878.937655
816;878.937655
817;878.937655
818;878.937655
819;878.937655
820;878.937655
821;878.937655
822;878.937655
823;878.937655
824;878.937655
825;878.937655
826;878.937655
827;878.937655
828;878.937655
829;878.937655
830;878.937655
831;878.937655
832;878.937655
833;878.937655
834;878.937655
835;878.937655
836;878.937655
837;878.937655
838;878.937655
839;878.937655
840;878.937655
841;878.937655
842;878.937655
843;878.937655
844;878.937655
845;878.937655
846;878.937655
847;878.937655
848;878.937655
849;878.937655
850;878.937655
851;878.937655
852;878.937655
853;878.937655
854;878.937655
855;878.937655
856;878.937655
857;878.937655
858;878.937655
859;878.937655
860;878.937655
861;878.937655
862;878.937655
863;878.937655
864;878.937655
865;878.937655
866;878.937655
867;878.937655
868;878.937655
869;878.937655
870;878.937655
871;878.937655
872;878.937655
873;878.937655
874;878.937655
875;878.937655
876;878.937655
877;878.937655
878;878.937655
879;878.937655
880;878.937655
881;878.937655
882;878.937655
883;878.937655
884;878.937655
885;878.937655
886;878.937655
887;878.937655
888;878.937655
889;878.937655
890;878.937655
891;878.937655
892;878.937655
893;878.937655
894;878.937655
895;878.937655
896;878.937655
897;878.937655
898;878.937655
899;878.937655
900;878.937655
901;878.937655
902;878.937655
903;878.937655
904;878.937655
905;878.937655
906;878.937655
907;878.937655
908;878.937655
909;878.937655
910;878.937655
911;878.937655
912;878.937655
913;878.937655
914;878.937655
915;878.937655
916;878.937655
917;878.937655
918;878.937655
919;878.937655
920;878.937655
921;878.937655
922;878.937655
923;878.937655
924;878.937655
925;878.937655
926;878.937655
927;878.937655
928;878.937655
929;878.937655
930;878.937655
931;878.937655
932;878.937655
933;878.937655
934;878.937655
935;878.937655
936;878.937655
937;878.937655
938;878.937655
939;878.937655
940;878.937655
941;878.937655
942;878.937655
943;878.937655
944;878.937655
945;878.937655
946;878.937655
947;878.937655
948;878.937655
949;878.937655
950;878.937655
951;878.937655
952;878.937655
953;878.937655
954;878.937655
955;878.937655
956;878.937655
957;878.937655
958;878.937655
959;878.937655
960;878.937655
961;878.937655
962;878.937655
963;878.937655
964;878.937655
965;878.937655
966;878.937655
967;878.937655
968;878.937655
969;878.937655
970;878.937655
971;878.937655
972;878.937655
973;878.937655
974;878.937655
975;878.937655
976;878.937655
977;878.937655
978;878.937655
979;878.937655
980;878.937655
981;878.937655
982;878.937655
983;878.937655
984;878.937655
985;878.937655
986;878.937655
987;878.937655
988;878.937655
989;878.937655
990;878.937655
991;878.937655
992;878.937655
993;878.937655
994;878.937655
995;878.937655
996;878.937655
997;878.937655
998;878.937655
999;878.937655
1000;878.937655
1001;878.937655
1002;878.937655
1003;878.937655
1004;878.937655
1005;878.937655
1006;878.937655
1007;878.937655
1008;878.937655
1009;878.937655
1010;878.937655
1011;878.937655
1012;878.937655
1013;878.937655
1014;878.937655
1015;878.937655
1016;878.937655
1017;878.937655
1018;878.937655
1019;878.937655
1020;878.937655
1021;878.937655
1022;878.937655
1023;878.937655
1024;878.937655
1025;878.937655
1026;878.937655
1027;878.937655
1028;878.937655
1029;878.937655
1030;878.937655
1031;878.937655
1032;878.937655
1033;878.937655
1034;878.937655
1035;878.937655
1036;878.937655
1037;878.937655
1038;878.937655
1039;878.937655
1040;878.937655
1041;878.937655
1042;878.937655
1043;878.937655
1044;878.937655
1045;878.937655
1046;878.937655
1047;878.937655
1048;878.937655
1049;878.937655
1050;878.937655
1051;878.937655
1052;878.937655
1053;878.937655
1054;878.937655
1055;878.937655
1056;878.937655
1057;878.937655
1058;878.937655
1059;878.937655
1060;878.937655
1061;878.937655
1062;878.937655
1063;878.937655
1064;878.937655
1065;878.937655
1066;878.937655
1067;878.937655
1068;878.937655
1069;878.937655
1070;878.937655
1071;878.937655
1072;878.937655
1073;878.937655
1074;878.937655
1075;878.937655
1076;878.937655
1077;878.937655
1078;878.937655
1079;878.937655
1080;878.937655
1081;878.937655
1082;878.937655
1083;878.937655
1084;878.937655
1085;878.937655
1086;878.937655
1087;878.937655
1088;878.937655
1089;878.937655
1090;878.937655
1091;878.937655
1092;878.937655
1093;878.937655
1094;878.937655
1095;878.937655
1096;878.937655
1097;878.937655
1098;878.937655
1099;878.937655
1100;878.937655
1101;878.937655
1102;878.937655
1103;878.937655
1104;878.937655
1105;878.937655
1106;878.937655
1107;878.937655
1108;878.937655
1109;878.937655
1110;878.937655
1111;878.937655
1112;878.937655
1113;878.937655
1114;878.937655
1115;878.937655
1116;878.937655
1117;878.937655
1118;878.937655
1119;878.937655
1120;878.937655
1121;878.937655
1122;878.937655
1123;878.937655
1124;878.937655
1125;878.937655
1126;878.937655
1127;878.937655
1128;878.937655
1129;878.937655
1130;878.937655
1131;878.937655
1132;878.937655
1133;878.937655
1134;878.937655
1135;878.937655
1136;878.937655
1137;878.937655
1138;878.937655
1139;878.937655
1140;878.937655
1141;878.937655
1142;878.937655
1143;878.937655
1144;878.937655
1145;878.937655
1146;878.937655
1147;878.937655
1148;878.937655
1149;878.937655
1150;878.937655
1151;878.937655
1152;878.937655
1153;878.937655
1154;878.937655
1155;878.937655
1156;878.937655
1157;878.937655
1158;878.937655
1159;878.937655
1160;878.937655
1161;878.937655
1162;878.937655
1163;878.937655
1164;878.937655
1165;878.937655
1166;878.937655
1167;878.937655
1168;878.937655
1169;878.937655
1170;878.937655
1171;878.937655
1172;878.937655
1173;878.937655
1174;878.937655
1175;878.937655
1176;878.937655
1177;878.937655
1178;878.937655
1179;878.937655
1180;878.937655
1181;878.937655
1182;878.937655
1183;878.937655
1184;878.937655
1185;878.937655
1186;878.937655
1187;878.937655
1188;878.937655
1189;878.937655
1190;878.937655
1191;878.937655
1192;878.937655
1193;878.937655
1194;878.937655
1195;878.937655
1196;878.937655
1197;878.937655
1198;878.937655
1199;878.937655
1200;878.937655
1201;878.937655
1202;878.937655
1203;878.937655
1204;878.937655
1205;878.937655
1206;878.937655
1207;878.937655
1208;878.937655
1209;878.937655
1210;878.937655
1211;878.937655
1212;878.937655
1213;878.937655
1214;878.937655
1215;878.937655
1216;878.937655
1217;878.937655
1218;878.937655
1219;878.937655
1220;878.937655
1221;878.937655
1222;878.937655
1223;878.937655
1224;878.937655
1225;878.937655
1226;878.937655
1227;878.937655
1228;878.937655
1229;878.937655
1230;878.937655
1231;878.937655
1232;878.937655
1233;878.937655
1234;878.937655
1235;878.937655
1236;878.937655
1237;878.937655
1238;878.937655
1239;878.937655
1240;878.937655
1241;878.937655
1242;878.937655
1243;878.937655
1244;878.937655
1245;878.937655
1246;878.937655
1247;878.937655
1248;878.937655
1249;878.937655
1250;878.937655
1251;878.937655
1252;878.937655
1253;878.937655
1254;878.937655
1255;878.937655
1256;878.937655
1257;878.937655
1258;878.937655
1259;878.937655
1260;878.937655
1261;878.937655
1262;878.937655
1263;878.937655
1264;878.937655
1265;878.937655
1266;878.937655
1267;878.937655
1268;878.937655
1269;878.937655
1270;878.937655
1271;878.937655
1272;878.937655
1273;878.937655
1274;878.937655
1275;878.937655
1276;878.937655
1277;878.937655
1278;878.937655
1279;878.937655
1280;878.937655
1281;878.937655
1282;878.937655
1283;878.937655
1284;878.937655
1285;878.937655
1286;878.937655
1287;878.937655
1288;878.937655
1289;878.937655
1290;878.937655
1291;878.937655
1292;878.937655
1293;878.937655
1294;878.937655
1295;878.937655
1296;878.937655
1297;878.937655
1298;878.937655
1299;878.937655
1300;878.937655
1301;878.937655
1302;878.937655
1303;878.937655
1304;878.937655
1305;878.937655
1306;878.937655
1307;878.937655
1308;878.937655
1309;878.937655
1310;878.937655
1311;878.937655
1312;878.937655
1313;878.937655
1314;878.937655
1315;878.937655
1316;878.937655
1317;878.937655
1318;878.937655
1319;878.937655
1320;878.937655
1321;878.937655
1322;878.937655
1323;878.937655
1324;878.937655
1325;878.937655
1326;878.937655
1327;878.937655
1328;878.937655
1329;878.937655
1330;878.937655
1331;878.937655
1332;878.937655
1333;878.937655
1334;878.937655
1335;878.937655
1336;878.937655
1337;878.937655
1338;878.937655
1339;878.937655
1340;878.937655
1341;878.937655
1342;878.937655
1343;878.937655
1344;878.937655
1345;878.937655
1346;878.937655
1347;878.937655
1348;878.937655
1349;878.937655
1350;878.937655
1351;878.937655
1352;878.937655
1353;878.937655
1354;878.937655
1355;878.937655
1356;878.937655
1357;878.937655
1358;878.937655
1359;878.937655
1360;878.937655
1361;878.937655
1362;878.937655
1363;878.937655
1364;878.937655
1365;878.937655
1366;878.937655
1367;878.937655
1368;878.937655
1369;878.937655
1370;878.937655
1371;878.937655
1372;878.937655
1373;878.937655
1374;878.937655
1375;878.937655
1376;878.937655
1377;878.937655
1378;878.937655
1379;878.937655
1380;878.937655
1381;878.937655
1382;878.937655
1383;878.937655
1384;878.937655
1385;878.937655
1386;878.937655
1387;878.937655
1388;878.937655
1389;878.937655
1390;878.937655
1391;878.937655
1392;878.937655
1393;878.937655
1394;878.937655
1395;878.937655
1396;878.937655
1397;878.937655
1398;878.937655
1399;878.937655
1400;878.937655
1401;878.937655
1402;878.937655
1403;878.937655
1404;878.937655
1405;878.937655
1406;878.937655
1407;878.937655
1408;878.937655
1409;878.937655
1410;878.937655
1411;878.937655
1412;878.937655
1413;878.937655
1414;878.937655
1415;878.937655
1416;878.937655
1417;878.937655
1418;878.937655
1419;878.937655
1420;878.937655
1421;878.937655
1422;878.937655
1423;878.937655
1424;878.937655
1425;878.937655
1426;878.937655
1427;878.937655
1428;878.937655
1429;878.937655
1430;878.937655
1431;878.937655
1432;878.937655
1433;878.937655
1434;878.937655
1435;878.937655
1436;878.937655
1437;878.937655
1438;878.937655
1439;878.937655
1440;878.937655
1441;878.937655
1442;878.937655
1443;878.937655
1444;878.937655
1445;878.937655
1446;878.937655
1447;878.937655
1448;878.937655
1449;878.937655
1450;878.937655
1451;878.937655
1452;878.937655
1453;878.937655
1454;878.937655
1455;878.937655
1456;878.937655
1457;878.937655
1458;878.937655
1459;878.937655
1460;878.937655
1461;878.937655
1462;878.937655
1463;878.937655
1464;878.937655
1465;878.937655
1466;878.937655
1467;878.937655
1468;878.937655
1469;878.937655
1470;878.937655
1471;878.937655
1472;878.937655
1473;878.937655
1474;878.937655
1475;878.937655
1476;878.937655
1477;878.937655
1478;878.937655
1479;878.937655
1480;878.937655
1481;878.937655
1482;878.937655
1483;878.937655
1484;878.937655
1485;878.937655
1486;878.937655
1487;878.937655
1488;878.937655
1489;878.937655
1490;878.937655
1491;878.937655
1492;878.937655
1493;878.937655
1494;878.937655
1495;878.937655
1496;878.937655
1497;878.937655
1498;878.937655
1499;878.937655
1500;878.937655
1501;878.937655
1502;878.937655
1503;878.937655
1504;878.937655
1505;878.937655
1506;878.937655
1507;878.937655
1508;878.937655
1509;878.937655
1510;878.937655
1511;878.937655
1512;878.937655
1513;878.937655
1514;878.937655
1515;878.937655
1516;878.937655
1517;878.937655
1518;878.937655
1519;878.937655
1520;878.937655
1521;878.937655
1522;878.937655
1523;878.937655
1524;878.937655
1525;878.937655
1526;878.937655
1527;878.937655
1528;878.937655
1529;878.937655
1530;878.937655
1531;878.937655
1532;878.937655
1533;878.937655
1534;878.937655
1535;878.937655
1536;878.937655
1537;878.937655
1538;878.937655
1539;878.937655
1540;878.937655
1541;878.937655
1542;878.937655
1543;878.937655
1544;878.937655
1545;878.937655
1546;878.937655
1547;878.937655
1548;878.937655
1549;878.937655
1550;878.937655
1551;878.937655
1552;878.937655
1553;878.937655
1554;878.937655
1555;878.937655
1556;878.937655
1557;878.937655
1558;878.937655
1559;878.937655
1560;878.937655
1561;878.937655
1562;878.937655
1563;878.937655
1564;878.937655
1565;878.937655
1566;878.937655
1567;878.937655
1568;878.937655
1569;878.937655
1570;878.937655
1571;878.937655
1572;878.937655
1573;878.937655
1574;878.937655
1575;878.937655
1576;878.937655
1577;878.937655
1578;878.937655
1579;878.937655
1580;878.937655
1581;878.937655
1582;878.937655
1583;878.937655
1584;878.937655
1585;878.937655
1586;878.937655
1587;878.937655
1588;878.937655
1589;878.937655
1590;878.937655
1591;878.937655
1592;878.937655
1593;878.937655
1594;878.937655
1595;878.937655
1596;878.937655
1597;878.937655
1598;878.937655
1599;878.937655
1600;878.937655
1601;878.937655
1602;878.937655
1603;878.937655
1604;878.937655
1605;878.937655
1606;878.937655
1607;878.937655
1608;878.937655
1609;878.937655
1610;878.937655
1611;878.937655
1612;878.937655
1613;878.937655
1614;878.937655
1615;878.937655
1616;878.937655
1617;878.937655
1618;878.937655
1619;878.937655
1620;878.937655
1621;878.937655
1622;878.937655
1623;878.937655
1624;878.937655
1625;878.937655
1626;878.937655
1627;878.937655
1628;878.937655
1629;878.937655
1630;878.937655
1631;878.937655
1632;878.937655
1633;878.937655
1634;878.937655
1635;878.937655
1636;878.937655
1637;878.937655
1638;878.937655
1639;878.937655
1640;878.937655
1641;878.937655
1642;878.937655
1643;878.937655
1644;878.937655
1645;878.937655
1646;878.937655
1647;878.937655
1648;878.937655
1649;878.937655
1650;878.937655
1651;878.937655
1652;878.937655
1653;878.937655
1654;878.937655
1655;878.937655
1656;878.937655
1657;878.937655
1658;878.937655
1659;878.937655
1660;878.937655
1661;878.937655
1662;878.937655
1663;878.937655
1664;878.937655
1665;878.937655
1666;878.937655
1667;878.937655
1668;878.937655
1669;878.937655
1670;878.937655
1671;878.937655
1672;878.937655
1673;878.937655
1674;878.937655
1675;878.937655
1676;878.937655
1677;878.937655
1678;878.937655
1679;878.937655
1680;878.937655
1681;878.937655
1682;878.937655
1683;878.937655
1684;878.937655
1685;878.937655
1686;878.937655
1687;878.937655
1688;878.937655
1689;878.937655
1690;878.937655
1691;878.937655
1692;878.937655
1693;878.937655
1694;878.937655
1695;878.937655
1696;878.937655
1697;878.937655
1698;878.937655
1699;878.937655
1700;878.937655
1701;878.937655
1702;878.937655
1703;878.937655
1704;878.937655
1705;878.937655
1706;878.937655
1707;878.937655
1708;878.937655
1709;878.937655
1710;878.937655
1711;878.937655
1712;878.937655
1713;878.937655
1714;878.937655
1715;878.937655
1716;878.937655
1717;878.937655
1718;878.937655
1719;878.937655
1720;878.937655
1721;878.937655
1722;878.937655
1723;878.937655
1724;878.937655
1725;878.937655
1726;878.937655
1727;878.937655
1728;878.937655
1729;878.937655
1730;878.937655
1731;878.937655
1732;878.937655
1733;878.937655
1734;878.937655
1735;878.937655
1736;878.937655
1737;878.937655
1738;878.937655
1739;878.937655
1740;878.937655
1741;878.937655
1742;878.937655
1743;878.937655
1744;878.937655
1745;878.937655
1746;878.937655
1747;878.937655
1748;878.937655
1749;878.937655
1750;878.937655
1751;878.937655
1752;878.937655
1753;878.937655
1754;878.937655
1755;878.937655
1756;878.937655
1757;878.937655
1758;878.937655
1759;878.937655
1760;878.937655
1761;878.937655
1762;878.937655
1763;878.937655
1764;878.937655
1765;878.937655
1766;878.937655
1767;878.937655
1768;878.937655
1769;878.937655
1770;878.937655
1771;878.937655
1772;878.937655
1773;878.937655
1774;878.937655
1775;878.937655
1776;878.937655
1777;878.937655
1778;878.937655
1779;878.937655
1780;878.937655
1781;878.937655
1782;878.937655
1783;878.937655
1784;878.937655
1785;878.937655
1786;878.937655
1787;878.937655
1788;878.937655
1789;878.937655
1790;878.937655
1791;878.937655
1792;878.937655
1793;878.937655
1794;878.937655
1795;878.937655
1796;878.937655
1797;878.937655
1798;878.937655
1799;878.937655
1800;878.937655
1801;878.937655
1802;878.937655
1803;878.937655
1804;878.937655
1805;878.937655
1806;878.937655
1807;878.937655
1808;878.937655
1809;878.937655
1810;878.937655
1811;878.937655
1812;878.937655
1813;878.937655
1814;878.937655
1815;878.937655
1816;878.937655
1817;878.937655
1818;878.937655
1819;878.937655
1820;878.937655
1821;878.937655
1822;878.937655
1823;878.937655
1824;878.937655
1825;878.937655
1826;878.937655
1827;878.937655
1828;878.937655
1829;878.937655
1830;878.937655
1831;878.937655
1832;878.937655
1833;878.937655
1834;878.937655
1835;878.937655
1836;878.937655
1837;878.937655
1838;878.937655
1839;878.937655
1840;878.937655
1841;878.937655
1842;878.937655
1843;878.937655
1844;878.937655
1845;878.937655
1846;878.937655
1847;878.937655
1848;878.937655
1849;878.937655
1850;878.937655
1851;878.937655
1852;878.937655
1853;878.937655
1854;878.937655
1855;878.937655
1856;878.937655
1857;878.937655
1858;878.937655
1859;878.937655
1860;878.937655
1861;878.937655
1862;878.937655
1863;878.937655
1864;878.937655
1865;878.937655
1866;878.937655
1867;878.937655
1868;878.937655
1869;878.937655
1870;878.937655
1871;878.937655
1872;878.937655
1873;878.937655
1874;878.937655
1875;878.937655
1876;878.937655
1877;878.937655
1878;878.937655
1879;878.937655
1880;878.937655
1881;878.937655
1882;878.937655
1883;878.937655
1884;878.937655
1885;878.937655
1886;878.937655
1887;878.937655
1888;878.937655
1889;878.937655
1890;878.937655
1891;878.937655
1892;878.937655
1893;878.937655
1894;878.937655
1895;878.937655
1896;878.937655
1897;878.937655
1898;878.937655
1899;878.937655
1900;878.937655
1901;878.937655
1902;878.937655
1903;878.937655
1904;878.937655
1905;878.937655
1906;878.937655
1907;878.937655
1908;878.937655
1909;878.937655
1910;878.937655
1911;878.937655
1912;878.937655
1913;878.937655
1914;878.937655
1915;878.937655
1916;878.937655
1917;878.937655
1918;878.937655
1919;878.937655
1920;878.937655
1921;878.937655
1922;878.937655
1923;878.937655
1924;878.937655
1925;878.937655
1926;878.937655
1927;878.937655
1928;878.937655
1929;878.937655
1930;878.937655
1931;878.937655
1932;878.937655
1933;878.937655
1934;878.937655
1935;878.937655
1936;878.937655
1937;878.937655
1938;878.937655
1939;878.937655
1940;878.937655
1941;878.937655
1942;878.937655
1943;878.937655
1944;878.937655
1945;878.937655
1946;878.937655
1947;878.937655
1948;878.937655
1949;878.937655
1950;878.937655
1951;878.937655
1952;878.937655
1953;878.937655
1954;878.937655
1955;878.937655
1956;878.937655
1957;878.937655
1958;878.937655
1959;878.937655
1960;878.937655
1961;878.937655
1962;878.937655
1963;878.937655
1964;878.937655
1965;878.937655
1966;878.937655
1967;878.937655
1968;878.937655
1969;878.937655
1970;878.937655
1971;878.937655
1972;878.937655
1973;878.937655
1974;878.937655
1975;878.937655
1976;878.937655
1977;878.937655
1978;878.937655
1979;878.937655
1980;878.937655
1981;878.937655
1982;878.937655
1983;878.937655
1984;878.937655
1985;878.937655
1986;878.937655
1987;878.937655
1988;878.937655
1989;878.937655
1990;878.937655
1991;878.937655
1992;878.937655
1993;878.937655
1994;878.937655
1995;878.937655
1996;878.937655
1997;878.937655
1998;878.937655
1999;878.937655
2000;878.937655
2001;878.937655
2002;878.937655
2003;878.937655
2004;878.937655
2005;878.937655
2006;878.937655
2007;878.937655
2008;878.937655
2009;878.937655
2010;878.937655
2011;878.937655
2012;878.937655
2013;878.937655
2014;878.937655
2015;878.937655
2016;878.937655
2017;878.937655
2018;878.937655
2019;878.937655
2020;878.937655
2021;878.937655
2022;878.937655
2023;878.937655
2024;878.937655
2025;878.937655
2026;878.937655
2027;878.937655
2028;878.937655
2029;878.937655
2030;878.937655
2031;878.937655
2032;878.937655
2033;878.937655
2034;878.937655
2035;878.937655
2036;878.937655
2037;878.937655
2038;878.937655
2039;878.937655
2040;878.937655
2041;878.937655
2042;878.937655
2043;878.937655
2044;878.937655
2045;878.937655
2046;878.937655
2047;878.937655
2048;878.937655
2049;878.937655
2050;878.937655
2051;878.937655
2052;878.937655
2053;878.937655
2054;878.937655
2055;878.937655
2056;878.937655
2057;878.937655
2058;878.937655
2059;878.937655
2060;878.937655
2061;878.937655
2062;878.937655
2063;878.937655
2064;878.937655
2065;878.937655
2066;878.937655
2067;878.937655
2068;878.937655
2069;878.937655
2070;878.937655
2071;878.937655
2072;878.937655
2073;878.937655
2074;878.937655
2075;878.937655
2076;878.937655
2077;878.937655
2078;878.937655
2079;878.937655
2080;878.937655
2081;878.937655
2082;878.937655
2083;878.937655
2084;878.937655
2085;878.937655
2086;878.937655
2087;878.937655
2088;878.937655
2089;878.937655
2090;878.937655
2091;878.937655
2092;878.937655
2093;878.937655
2094;878.937655
2095;878.937655
2096;878.937655
2097;878.937655
2098;878.937655
2099;878.937655
2100;878.937655
2101;878.937655
2102;878.937655
2103;878.937655
2104;878.937655
2105;878.937655
2106;878.937655
2107;878.937655
2108;878.937655
2109;878.937655
2110;878.937655
2111;878.937655
2112;878.937655
2113;878.937655
2114;878.937655
2115;878.937655
2116;878.937655
2117;878.937655
2118;878.937655
2119;878.937655
2120;878.937655
2121;878.937655
2122;878.937655
2123;878.937655
2124;878.937655
2125;878.937655
2126;878.937655
2127;878.937655
2128;878.937655
2129;878.937655
2130;878.937655
2131;878.937655
2132;878.937655
2133;878.937655
2134;878.937655
2135;878.937655
2136;878.937655
2137;878.937655
2138;878.937655
2139;878.937655
2140;878.937655
2141;878.937655
2142;878.937655
2143;878.937655
2144;878.937655
2145;878.937655
2146;878.937655
2147;878.937655
2148;878.937655
2149;878.937655
2150;878.937655
2151;878.937655
2152;878.937655
2153;878.937655
2154;878.937655
2155;878.937655
2156;878.937655
2157;878.937655
2158;878.937655
2159;878.937655
2160;878.937655
2161;878.937655
2162;878.937655
2163;878.937655
2164;878.937655
2165;878.937655
2166;878.937655
2167;878.937655
2168;878.937655
2169;878.937655
2170;878.937655
2171;878.937655
2172;878.937655
2173;878.937655
2174;878.937655
2175;878.937655
2176;878.937655
2177;878.937655
2178;878.937655
2179;878.937655
2180;878.937655
2181;878.937655
2182;878.937655
2183;878.937655
2184;878.937655
2185;878.937655
2186;878.937655
2187;878.937655
2188;878.937655
2189;878.937655
2190;878.937655
2191;878.937655
2192;878.937655
2193;878.937655
2194;878.937655
2195;878.937655
2196;878.937655
2197;878.937655
2198;878.937655
2199;878.937655
2200;878.937655
2201;878.937655
2202;878.937655
2203;878.937655
2204;878.937655
2205;878.937655
2206;878.937655
2207;878.937655
2208;878.937655
2209;878.937655
2210;878.937655
2211;878.937655
2212;878.937655
2213;878.937655
2214;878.937655
2215;878.937655
2216;878.937655
2217;878.937655
2218;878.937655
2219;878.937655
2220;878.937655
2221;878.937655
2222;878.937655
2223;878.937655
2224;878.937655
2225;878.937655
2226;878.937655
2227;878.937655
2228;878.937655
2229;878.937655
2230;878.937655
2231;878.937655
2232;878.937655
2233;878.937655
2234;878.937655
2235;878.937655
2236;878.937655
2237;878.937655
2238;878.937655
2239;878.937655
2240;878.937655
2241;878.937655
2242;878.937655
2243;878.937655
2244;878.937655
2245;878.937655
2246;878.937655
2247;878.937655
2248;878.937655
2249;878.937655
2250;878.937655
2251;878.937655
2252;878.937655
2253;878.937655
2254;878.937655
2255;878.937655
2256;878.937655
2257;878.937655
2258;878.937655
2259;878.937655
2260;878.937655
2261;878.937655
2262;878.937655
2263;878.937655
2264;878.937655
2265;878.937655
2266;878.937655
2267;878.937655
2268;878.937655
2269;878.937655
2270;878.937655
2271;878.937655
2272;878.937655
2273;878.937655
2274;878.937655
2275;878.937655
2276;878.937655
2277;878.937655
2278;878.937655
2279;878.937655
2280;878.937655
2281;878.937655
2282;878.937655
2283;878.937655
2284;878.937655
2285;878.937655
2286;878.937655
2287;878.937655
2288;878.937655
2289;878.937655
2290;878.937655
2291;878.937655
2292;878.937655
2293;878.937655
2294;878.937655
2295;878.937655
2296;878.937655
2297;878.937655
2298;878.937655
2299;878.937655
2300;878.937655
2301;878.937655
2302;878.937655
2303;878.937655
2304;878.937655
2305;878.937655
2306;878.937655
2307;878.937655
2308;878.937655
2309;878.937655
2310;878.937655
2311;878.937655
2312;878.937655
2313;878.937655
2314;878.937655
2315;878.937655
2316;878.937655
2317;878.937655
2318;878.937655
2319;878.937655
2320;878.937655
2321;878.937655
2322;878.937655
2323;878.937655
2324;878.937655
2325;878.937655
2326;878.937655
2327;878.937655
2328;878.937655
2329;878.937655
2330;878.937655
2331;878.937655
2332;878.937655
2333;878.937655
2334;878.937655
2335;878.937655
2336;878.937655
2337;878.937655
2338;878.937655
2339;878.937655
2340;878.937655
2341;878.937655
2342;878.937655
2343;878.937655
2344;878.937655
2345;878.937655
2346;878.937655
2347;878.937655
2348;878.937655
2349;878.937655
2350;878.937655
2351;878.937655
2352;878.937655
2353;878.937655
2354;878.937655
2355;878.937655
2356;878.937655
2357;878.937655
2358;878.937655
2359;878.937655
2360;878.937655
2361;878.937655
2362;878.937655
2363;878.937655
2364;878.937655
2365;878.937655
2366;878.937655
2367;878.937655
2368;878.937655
2369;878.937655
2370;878.937655
2371;878.937655
2372;878.937655
2373;878.937655
2374;878.937655
2375;878.937655
2376;878.937655
2377;878.937655
2378;878.937655
2379;878.937655
2380;878.937655
2381;878.937655
2382;878.937655
2383;878.937655
2384;878.937655
2385;878.937655
2386;878.937655
2387;878.937655
2388;878.937655
2389;878.937655
2390;878.937655
2391;878.937655
2392;878.937655
2393;878.937655
2394;878.937655
2395;878.937655
2396;878.937655
2397;878.937655
2398;878.937655
2399;878.937655
2400;878.937655
2401;878.937655
2402;878.937655
2403;878.937655
2404;878.937655
2405;878.937655
2406;878.937655
2407;878.937655
2408;878.937655
2409;878.937655
2410;878.937655
2411;878.937655
2412;878.937655
2413;878.937655
2414;878.937655
2415;878.937655
2416;878.937655
2417;878.937655
2418;878.937655
2419;878.937655
2420;878.937655
2421;878.937655
2422;878.937655
2423;878.937655
2424;878.937655
2425;878.937655
2426;878.937655
2427;878.937655
2428;878.937655
2429;878.937655
2430;878.937655
2431;878.937655
2432;878.937655
2433;878.937655
2434;878.937655
2435;878.937655
2436;878.937655
2437;878.937655
2438;878.937655
2439;878.937655
2440;878.937655
2441;878.937655
2442;878.937655
2443;878.937655
2444;878.937655
2445;878.937655
2446;878.937655
2447;878.937655
2448;878.937655
2449;878.937655
2450;878.937655
2451;878.937655
2452;878.937655
2453;878.937655
2454;878.937655
2455;878.937655
2456;878.937655
2457;878.937655
2458;878.937655
2459;878.937655
2460;878.937655
2461;878.937655
2462;878.937655
2463;878.937655
2464;878.937655
2465;878.937655
2466;878.937655
2467;878.937655
2468;878.937655
2469;878.937655
2470;878.937655
2471;878.937655
2472;878.937655
2473;878.937655
2474;878.937655
2475;878.937655
2476;878.937655
2477;878.937655
2478;878.937655
2479;878.937655
2480;878.937655
2481;878.937655
2482;878.937655
2483;878.937655
2484;878.937655
2485;878.937655
2486;878.937655
2487;878.937655
2488;878.937655
2489;878.937655
2490;878.937655
2491;878.937655
2492;878.937655
2493;878.937655
2494;878.937655
2495;878.937655
2496;878.937655
2497;878.937655
2498;878.937655
2499;878.937655
2500;878.937655
2501;878.937655
2502;878.937655
2503;878.937655
2504;878.937655
2505;878.937655
2506;878.937655
2507;878.937655
2508;878.937655
2509;878.937655
2510;878.937655
2511;878.937655
2512;878.937655
2513;878.937655
2514;878.937655
2515;878.937655
2516;878.937655
2517;878.937655
2518;878.937655
2519;878.937655
2520;878.937655
2521;878.937655
2522;878.937655
2523;878.937655
2524;878.937655
2525;878.937655
2526;878.937655
2527;878.937655
2528;878.937655
2529;878.937655
2530;878.937655
2531;878.937655
2532;878.937655
2533;878.937655
2534;878.937655
2535;878.937655
2536;878.937655
2537;878.937655
2538;878.937655
2539;878.937655
2540;878.937655
2541;878.937655
2542;878.937655
2543;878.937655
2544;878.937655
2545;878.937655
2546;878.937655
2547;878.937655
2548;878.937655
2549;878.937655
2550;878.937655
2551;878.937655
2552;878.937655
2553;878.937655
2554;878.937655
2555;878.937655
2556;878.937655
2557;878.937655
2558;878.937655
2559;878.937655
2560;878.937655
2561;878.937655
2562;878.937655
2563;878.937655
2564;878.937655
2565;878.937655
2566;878.937655
2567;878.937655
2568;878.937655
2569;878.937655
2570;878.937655
2571;878.937655
2572;878.937655
2573;878.937655
2574;878.937655
2575;878.937655
2576;878.937655
2577;878.937655
2578;878.937655
2579;878.937655
2580;878.937655
2581;878.937655
2582;878.937655
2583;878.937655
2584;878.937655
2585;878.937655
2586;878.937655
2587;878.937655
2588;878.937655
2589;878.937655
2590;878.937655
2591;878.937655
2592;878.937655
2593;878.937655
2594;878.937655
2595;878.937655
2596;878.937655
2597;878.937655
2598;878.937655
2599;878.937655
2600;878.937655
2601;878.937655
2602;878.937655
2603;878.937655
2604;878.937655
2605;878.937655
2606;878.937655
2607;878.937655
2608;878.937655
2609;878.937655
2610;878.937655
2611;878.937655
2612;878.937655
2613;878.937655
2614;878.937655
2615;878.937655
2616;878.937655
2617;878.937655
2618;878.937655
2619;878.937655
2620;878.937655
2621;878.937655
2622;878.937655
2623;878.937655
2624;878.937655
2625;878.937655
2626;878.937655
2627;878.937655
2628;878.937655
2629;878.937655
2630;878.937655
2631;878.937655
2632;878.937655
2633;878.937655
2634;878.937655
2635;878.937655
2636;878.937655
2637;878.937655
2638;878.937655
2639;878.937655
2640;878.937655
2641;878.937655
2642;878.937655
2643;878.937655
2644;878.937655
2645;878.937655
2646;878.937655
2647;878.937655
2648;878.937655
2649;878.937655
2650;878.937655
2651;878.937655
2652;878.937655
2653;878.937655
2654;878.937655
2655;878.937655
2656;878.937655
2657;878.937655
2658;878.937655
2659;878.937655
2660;878.937655
2661;878.937655
2662;878.937655
2663;878.937655
2664;878.937655
2665;878.937655
2666;878.937655
2667;878.937655
2668;878.937655
2669;878.937655
2670;878.937655
2671;878.937655
2672;878.937655
2673;878.937655
2674;878.937655
2675;878.937655
2676;878.937655
2677;878.937655
2678;878.937655
2679;878.937655
2680;878.937655
2681;878.937655
2682;878.937655
2683;878.937655
2684;878.937655
2685;878.937655
2686;878.937655
2687;878.937655
2688;878.937655
2689;878.937655
2690;878.937655
2691;878.937655
2692;878.937655
2693;878.937655
2694;878.937655
2695;878.937655
2696;878.937655
2697;878.937655
2698;878.937655
2699;878.937655
2700;878.937655
2701;878.937655
2702;878.937655
2703;878.937655
2704;878.937655
2705;878.937655
2706;878.937655
2707;878.937655
2708;878.937655
2709;878.937655
2710;878.937655
2711;878.937655
2712;878.937655
2713;878.937655
2714;878.937655
2715;878.937655
2716;878.937655
2717;878.937655
2718;878.937655
2719;878.937655
2720;878.937655
2721;878.937655
2722;878.937655
2723;878.937655
2724;878.937655
2725;878.937655
2726;878.937655
2727;878.937655
2728;878.937655
2729;878.937655
2730;878.937655
2731;878.937655
2732;878.937655
2733;878.937655
2734;878.937655
2735;878.937655
2736;878.937655
2737;878.937655
2738;878.937655
2739;878.937655
2740;878.937655
2741;878.937655
2742;878.937655
2743;878.937655
2744;878.937655
2745;878.937655
2746;878.937655
2747;878.937655
2748;878.937655
2749;878.937655
2750;878.937655
2751;878.937655
2752;878.937655
2753;878.937655
2754;878.937655
2755;878.937655
2756;878.937655
2757;878.937655
2758;878.937655
2759;878.937655
2760;878.937655
2761;878.937655
2762;878.937655
2763;878.937655
2764;878.937655
2765;878.937655
2766;878.937655
2767;878.937655
2768;878.937655
2769;878.937655
2770;878.937655
2771;878.937655
2772;878.937655
2773;878.937655
2774;878.937655
2775;878.937655
2776;878.937655
2777;878.937655
2778;878.937655
2779;878.937655
2780;878.937655
2781;878.937655
2782;878.937655
2783;878.937655
2784;878.937655
2785;878.937655
2786;878.937655
2787;878.937655
2788;878.937655
2789;878.937655
2790;878.937655
2791;878.937655
2792;878.937655
2793;878.937655
2794;878.937655
2795;878.937655
2796;878.937655
2797;878.937655
2798;878.937655
2799;878.937655
2800;878.937655
2801;878.937655
2802;878.937655
2803;878.937655
2804;878.937655
2805;878.937655
2806;878.937655
2807;878.937655
2808;878.937655
2809;878.937655
2810;878.937655
2811;878.937655
2812;878.937655
2813;878.937655
2814;878.937655
2815;878.937655
2816;878.937655
2817;878.937655
2818;878.937655
2819;878.937655
2820;878.937655
2821;878.937655
2822;878.937655
2823;878.937655
2824;878.937655
2825;878.937655
2826;878.937655
2827;878.937655
2828;878.937655
2829;878.937655
2830;878.937655
2831;878.937655
2832;878.937655
2833;878.937655
2834;878.937655
2835;878.937655
2836;878.937655
2837;878.937655
2838;878.937655
2839;878.937655
2840;878.937655
2841;878.937655
2842;878.937655
2843;878.937655
2844;878.937655
2845;878.937655
2846;878.937655
2847;878.937655
2848;878.937655
2849;878.937655
2850;878.937655
2851;878.937655
2852;878.937655
2853;878.937655
2854;878.937655
2855;878.937655
2856;878.937655
2857;878.937655
2858;878.937655
2859;878.937655
2860;878.937655
2861;878.937655
2862;878.937655
2863;878.937655
2864;878.937655
2865;878.937655
2866;878.937655
2867;878.937655
2868;878.937655
2869;878.937655
2870;878.937655
2871;878.937655
2872;878.937655
2873;878.937655
2874;878.937655
2875;878.937655
2876;878.937655
2877;878.937655
2878;878.937655
2879;878.937655
2880;878.937655
2881;878.937655
2882;878.937655
2883;878.937655
2884;878.937655
2885;878.937655
2886;878.937655
2887;878.937655
2888;878.937655
2889;878.937655
2890;878.937655
2891;878.937655
2892;878.937655
2893;878.937655
2894;878.937655
2895;878.937655
2896;878.937655
2897;878.937655
2898;878.937655
2899;878.937655
2900;878.937655
2901;878.937655
2902;878.937655
2903;878.937655
2904;878.937655
2905;878.937655
2906;878.937655
2907;878.937655
2908;878.937655
2909;878.937655
2910;878.937655
2911;878.937655
2912;878.937655
2913;878.937655
2914;878.937655
2915;878.937655
2916;878.937655
2917;878.937655
2918;878.937655
2919;878.937655
2920;878.937655
2921;878.937655
2922;878.937655
2923;878.937655
2924;878.937655
2925;878.937655
2926;878.937655
2927;878.937655
2928;878.937655
2929;878.937655
2930;878.937655
2931;878.937655
2932;878.937655
2933;878.937655
2934;878.937655
2935;878.937655
2936;878.937655
2937;878.937655
2938;878.937655
2939;878.937655
2940;878.937655
2941;878.937655
2942;878.937655
2943;878.937655
2944;878.937655
2945;878.937655
2946;878.937655
2947;878.937655
2948;878.937655
2949;878.937655
2950;878.937655
2951;878.937655
2952;878.937655
2953;878.937655
2954;878.937655
2955;878.937655
2956;878.937655
2957;878.937655
2958;878.937655
2959;878.937655
2960;878.937655
2961;878.937655
2962;878.937655
2963;878.937655
2964;878.937655
2965;878.937655
2966;878.937655
2967;878.937655
2968;878.937655
2969;878.937655
2970;878.937655
2971;878.937655
2972;878.937655
2973;878.937655
2974;878.937655
2975;878.937655
2976;878.937655
2977;878.937655
2978;878.937655
2979;878.937655
2980;878.937655
2981;878.937655
2982;878.937655
2983;878.937655
2984;878.937655
2985;878.937655
2986;878.937655
2987;878.937655
2988;878.937655
2989;878.937655
2990;878.937655
2991;878.937655
2992;878.937655
2993;878.937655
2994;878.937655
2995;878.937655
2996;878.937655
2997;878.937655
2998;878.937655
2999;878.937655
3000;878.937655
3001;878.937655
3002;878.937655
3003;878.937655
3004;878.937655
3005;878.937655
3006;878.937655
3007;878.937655
3008;878.937655
3009;878.937655
3010;878.937655
3011;878.937655
3012;878.937655
3013;878.937655
3014;878.937655
3015;878.937655
3016;878.937655
3017;878.937655
3018;878.937655
3019;878.937655
3020;878.937655
3021;878.937655
3022;878.937655
3023;878.937655
3024;878.937655
3025;878.937655
3026;878.937655
3027;878.937655
3028;878.937655
3029;878.937655
3030;878.937655
3031;878.937655
3032;878.937655
3033;878.937655
3034;878.937655
3035;878.937655
3036;878.937655
3037;878.937655
3038;878.937655
3039;878.937655
3040;878.937655
3041;878.937655
3042;878.937655
3043;878.937655
3044;878.937655
3045;878.937655
3046;878.937655
3047;878.937655
3048;878.937655
3049;878.937655
3050;878.937655
3051;878.937655
3052;878.937655
3053;878.937655
3054;878.937655
3055;878.937655
3056;878.937655
3057;878.937655
3058;878.937655
3059;878.937655
3060;878.937655
3061;878.937655
3062;878.937655
3063;878.937655
3064;878.937655
3065;878.937655
3066;878.937655
3067;878.937655
3068;878.937655
3069;878.937655
3070;878.937655
3071;878.937655
3072;878.937655
3073;878.937655
3074;878.937655
3075;878.937655
3076;878.937655
3077;878.937655
3078;878.937655
3079;878.937655
3080;878.937655
3081;878.937655
3082;878.937655
3083;878.937655
3084;878.937655
3085;878.937655
3086;878.937655
3087;878.937655
3088;878.937655
3089;878.937655
3090;878.937655
3091;878.937655
3092;878.937655
3093;878.937655
3094;878.937655
3095;878.937655
3096;878.937655
3097;878.937655
3098;878.937655
3099;878.937655
3100;878.937655
3101;878.937655
3102;878.937655
3103;878.937655
3104;878.937655
3105;878.937655
3106;878.937655
3107;878.937655
3108;878.937655
3109;878.937655
3110;878.937655
3111;878.937655
3112;878.937655
3113;878.937655
3114;878.937655
3115;878.937655
3116;878.937655
3117;878.937655
3118;878.937655
3119;878.937655
3120;878.937655
3121;878.937655
3122;878.937655
3123;878.937655
3124;878.937655
3125;878.937655
3126;878.937655
3127;878.937655
3128;878.937655
3129;878.937655
3130;878.937655
3131;878.937655
3132;878.937655
3133;878.937655
3134;878.937655
3135;878.937655
3136;878.937655
3137;878.937655
3138;878.937655
3139;878.937655
3140;878.937655
3141;878.937655
3142;878.937655
3143;878.937655
3144;878.937655
3145;878.937655
3146;878.937655
3147;878.937655
3148;878.937655
3149;878.937655
3150;878.937655
3151;878.937655
3152;878.937655
3153;878.937655
3154;878.937655
3155;878.937655
3156;878.937655
3157;878.937655
3158;878.937655
3159;878.937655
3160;878.937655
3161;878.937655
3162;878.937655
3163;878.937655
3164;878.937655
3165;878.937655
3166;878.937655
3167;878.937655
3168;878.937655
3169;878.937655
3170;878.937655
3171;878.937655
3172;878.937655
3173;878.937655
3174;878.937655
3175;878.937655
3176;878.937655
3177;878.937655
3178;878.937655
3179;878.937655
3180;878.937655
3181;878.937655
3182;878.937655
3183;878.937655
3184;878.937655
3185;878.937655
3186;878.937655
3187;878.937655
3188;878.937655
3189;878.937655
3190;878.937655
3191;878.937655
3192;878.937655
3193;878.937655
3194;878.937655
3195;878.937655
3196;878.937655
3197;878.937655
3198;878.937655
3199;878.937655
3200;878.937655
3201;878.937655
3202;878.937655
3203;878.937655
3204;878.937655
3205;878.937655
3206;878.937655
3207;878.937655
3208;878.937655
3209;878.937655
3210;878.937655
3211;878.937655
3212;878.937655
3213;878.937655
3214;878.937655
3215;878.937655
3216;878.937655
3217;878.937655
3218;878.937655
3219;878.937655
3220;878.937655
3221;878.937655
3222;878.937655
3223;878.937655
3224;878.937655
3225;878.937655
3226;878.937655
3227;878.937655
3228;878.937655
3229;878.937655
3230;878.937655
3231;878.937655
3232;878.937655
3233;878.937655
3234;878.937655
3235;878.937655
3236;878.937655
3237;878.937655
3238;878.937655
3239;878.937655
3240;878.937655
3241;878.937655
3242;878.937655
3243;878.937655
3244;878.937655
3245;878.937655
3246;878.937655
3247;878.937655
3248;878.937655
3249;878.937655
3250;878.937655
3251;878.937655
3252;878.937655
3253;878.937655
3254;878.937655
3255;878.937655
3256;878.937655
3257;878.937655
3258;878.937655
3259;878.937655
3260;878.937655
3261;878.937655
3262;878.937655
3263;878.937655
3264;878.937655
3265;878.937655
3266;878.937655
3267;878.937655
3268;878.937655
3269;878.937655
3270;878.937655
3271;878.937655
3272;878.937655
3273;878.937655
3274;878.937655
3275;878.937655
3276;878.937655
3277;878.937655
3278;878.937655
3279;878.937655
3280;878.937655
3281;878.937655
3282;878.937655
3283;878.937655
3284;878.937655
3285;878.937655
3286;878.937655
3287;878.937655
3288;878.937655
3289;878.937655
3290;878.937655
3291;878.937655
3292;878.937655
3293;878.937655
3294;878.937655
3295;878.937655
3296;878.937655
3297;878.937655
3298;878.937655
3299;878.937655
3300;878.937655
3301;878.937655
3302;878.937655
3303;878.937655
3304;878.937655
3305;878.937655
3306;878.937655
3307;878.937655
3308;878.937655
3309;878.937655
3310;878.937655
3311;878.937655
3312;878.937655
3313;878.937655
3314;878.937655
3315;878.937655
3316;878.937655
3317;878.937655
3318;878.937655
3319;878.937655
3320;878.937655
3321;878.937655
3322;878.937655
3323;878.937655
3324;878.937655
3325;878.937655
3326;878.937655
3327;878.937655
3328;878.937655
3329;878.937655
3330;878.937655
3331;878.937655
3332;878.937655
3333;878.937655
3334;878.937655
3335;878.937655
3336;878.937655
3337;878.937655
3338;878.937655
3339;878.937655
3340;878.937655
3341;878.937655
3342;878.937655
3343;878.937655
3344;878.937655
3345;878.937655
3346;878.937655
3347;878.937655
3348;878.937655
3349;878.937655
3350;878.937655
3351;878.937655
3352;878.937655
3353;878.937655
3354;878.937655
3355;878.937655
3356;878.937655
3357;878.937655
3358;878.937655
3359;878.937655
3360;878.937655
3361;878.937655
3362;878.937655
3363;878.937655
3364;878.937655
3365;878.937655
3366;878.937655
3367;878.937655
3368;878.937655
3369;878.937655
3370;878.937655
3371;878.937655
3372;878.937655
3373;878.937655
3374;878.937655
3375;878.937655
3376;878.937655
3377;878.937655
3378;878.937655
3379;878.937655
3380;878.937655
3381;878.937655
3382;878.937655
3383;878.937655
3384;878.937655
3385;878.937655
3386;878.937655
3387;878.937655
3388;878.937655
3389;878.937655
3390;878.937655
3391;878.937655
3392;878.937655
3393;878.937655
3394;878.937655
3395;878.937655
3396;878.937655
3397;878.937655
3398;878.937655
3399;878.937655
3400;878.937655
3401;878.937655
3402;878.937655
3403;878.937655
3404;878.937655
3405;878.937655
3406;878.937655
3407;878.937655
3408;878.937655
3409;878.937655
3410;878.937655
3411;878.937655
3412;878.937655
3413;878.937655
3414;878.937655
3415;878.937655
3416;878.937655
3417;878.937655
3418;878.937655
3419;878.937655
3420;878.937655
3421;878.937655
3422;878.937655
3423;878.937655
3424;878.937655
3425;878.937655
3426;878.937655
3427;878.937655
3428;878.937655
3429;878.937655
3430;878.937655
3431;878.937655
3432;878.937655
3433;878.937655
3434;878.937655
3435;878.937655
3436;878.937655
3437;878.937655
3438;878.937655
3439;878.937655
3440;878.937655
3441;878.937655
3442;878.937655
3443;878.937655
3444;878.937655
3445;878.937655
3446;878.937655
3447;878.937655
3448;878.937655
3449;878.937655
3450;878.937655
3451;878.937655
3452;878.937655
3453;878.937655
3454;878.937655
3455;878.937655
3456;878.937655
3457;878.937655
3458;878.937655
3459;878.937655
3460;878.937655
3461;878.937655
3462;878.937655
3463;878.937655
3464;878.937655
3465;878.937655
3466;878.937655
3467;878.937655
3468;878.937655
3469;878.937655
3470;878.937655
3471;878.937655
3472;878.937655
3473;878.937655
3474;878.937655
3475;878.937655
3476;878.937655
3477;878.937655
3478;878.937655
3479;878.937655
3480;878.937655
3481;878.937655
3482;878.937655
3483;878.937655
3484;878.937655
3485;878.937655
3486;878.937655
3487;878.937655
3488;878.937655
3489;878.937655
3490;878.937655
3491;878.937655
3492;878.937655
3493;878.937655
3494;878.937655
3495;878.937655
3496;878.937655
3497;878.937655
3498;878.937655
3499;878.937655
3500;878.937655
3501;878.937655
3502;878.937655
3503;878.937655
3504;878.937655
3505;878.937655
3506;878.937655
3507;878.937655
3508;878.937655
3509;878.937655
3510;878.937655
3511;878.937655
3512;878.937655
3513;878.937655
3514;878.937655
3515;878.937655
3516;878.937655
3517;878.937655
3518;878.937655
3519;878.937655
3520;878.937655
3521;878.937655
3522;878.937655
3523;878.937655
3524;878.937655
3525;878.937655
3526;878.937655
3527;878.937655
3528;878.937655
3529;878.937655
3530;878.937655
3531;878.937655
3532;878.937655
3533;878.937655
3534;878.937655
3535;878.937655
3536;878.937655
3537;878.937655
3538;878.937655
3539;878.937655
3540;878.937655
3541;878.937655
3542;878.937655
3543;878.937655
3544;878.937655
3545;878.937655
3546;878.937655
3547;878.937655
3548;878.937655
3549;878.937655
3550;878.937655
3551;878.937655
3552;878.937655
3553;878.937655
3554;878.937655
3555;878.937655
3556;878.937655
3557;878.937655
3558;878.937655
3559;878.937655
3560;878.937655
3561;878.937655
3562;878.937655
3563;878.937655
3564;878.937655
3565;878.937655
3566;878.937655
3567;878.937655
3568;878.937655
3569;878.937655
3570;878.937655
3571;878.937655
3572;878.937655
3573;878.937655
3574;878.937655
3575;878.937655
3576;878.937655
3577;878.937655
3578;878.937655
3579;878.937655
3580;878.937655
3581;878.937655
3582;878.937655
3583;878.937655
3584;878.937655
3585;878.937655
3586;878.937655
3587;878.937655
3588;878.937655
3589;878.937655
3590;878.937655
3591;878.937655
3592;878.937655
3593;878.937655
3594;878.937655
3595;878.937655
3596;878.937655
3597;878.937655
3598;878.937655
3599;878.937655
3600;878.937655
3601;878.937655
3602;878.937655
3603;878.937655
3604;878.937655
3605;878.937655
3606;878.937655
3607;878.937655
3608;878.937655
3609;878.937655
3610;878.937655
3611;878.937655
3612;878.937655
3613;878.937655
3614;878.937655
3615;878.937655
3616;878.937655
3617;878.937655
3618;878.937655
3619;878.937655
3620;878.937655
3621;878.937655
3622;878.937655
3623;878.937655
3624;878.937655
3625;878.937655
3626;878.937655
3627;878.937655
3628;878.937655
3629;878.937655
3630;878.937655
3631;878.937655
3632;878.937655
3633;878.937655
3634;878.937655
3635;878.937655
3636;878.937655
3637;878.937655
3638;878.937655
3639;878.937655
3640;878.937655
3641;878.937655
3642;878.937655
3643;878.937655
3644;878.937655
3645;878.937655
3646;878.937655
3647;878.937655
3648;878.937655
3649;878.937655
3650;878.937655
3651;878.937655
3652;878.937655
3653;878.937655
3654;878.937655
3655;878.937655
3656;878.937655
3657;878.937655
3658;878.937655
3659;878.937655
3660;878.937655
3661;878.937655
3662;878.937655
3663;878.937655
3664;878.937655
3665;878.937655
3666;878.937655
3667;878.937655
3668;878.937655
3669;878.937655
3670;878.937655
3671;878.937655
3672;878.937655
3673;878.937655
3674;878.937655
3675;878.937655
3676;878.937655
3677;878.937655
3678;878.937655
3679;878.937655
3680;878.937655
3681;878.937655
3682;878.937655
3683;878.937655
3684;878.937655
3685;878.937655
3686;878.937655
3687;878.937655
3688;878.937655
3689;878.937655
3690;878.937655
3691;878.937655
3692;878.937655
3693;878.937655
3694;878.937655
3695;878.937655
3696;878.937655
3697;878.937655
3698;878.937655
3699;878.937655
3700;878.937655
3701;878.937655
3702;878.937655
3703;878.937655
3704;878.937655
3705;878.937655
3706;878.937655
3707;878.937655
3708;878.937655
3709;878.937655
3710;878.937655
3711;878.937655
3712;878.937655
3713;878.937655
3714;878.937655
3715;878.937655
3716;878.937655
3717;878.937655
3718;878.937655
3719;878.937655
3720;878.937655
3721;878.937655
3722;878.937655
3723;878.937655
3724;878.937655
3725;878.937655
3726;878.937655
3727;878.937655
3728;878.937655
3729;878.937655
3730;878.937655
3731;878.937655
3732;878.937655
3733;878.937655
3734;878.937655
3735;878.937655
3736;878.937655
3737;878.937655
3738;878.937655
3739;878.937655
3740;878.937655
3741;878.937655
3742;878.937655
3743;878.937655
3744;878.937655
3745;878.937655
3746;878.937655
3747;878.937655
3748;878.937655
3749;878.937655
3750;878.937655
3751;878.937655
3752;878.937655
3753;878.937655
3754;878.937655
3755;878.937655
3756;878.937655
3757;878.937655
3758;878.937655
3759;878.937655
3760;878.937655
3761;878.937655
3762;878.937655
3763;878.937655
3764;878.937655
3765;878.937655
3766;878.937655
3767;878.937655
3768;878.937655
3769;878.937655
3770;878.937655
3771;878.937655
3772;878.937655
3773;878.937655
3774;878.937655
3775;878.937655
3776;878.937655
3777;878.937655
3778;878.937655
3779;878.937655
3780;878.937655
3781;878.937655
3782;878.937655
3783;878.937655
3784;878.937655
3785;878.937655
3786;878.937655
3787;878.937655
3788;878.937655
3789;878.937655
3790;878.937655
3791;878.937655
3792;878.937655
3793;878.937655
3794;878.937655
3795;878.937655
3796;878.937655
3797;878.937655
3798;878.937655
3799;878.937655
3800;878.937655
3801;878.937655
3802;878.937655
3803;878.937655
3804;878.937655
3805;878.937655
3806;878.937655
3807;878.937655
3808;878.937655
3809;878.937655
3810;878.937655
3811;878.937655
3812;878.937655
3813;878.937655
3814;878.937655
3815;878.937655
3816;878.937655
3817;878.937655
3818;878.937655
3819;878.937655
3820;878.937655
3821;878.937655
3822;878.937655
3823;878.937655
3824;878.937655
3825;878.937655
3826;878.937655
3827;878.937655
3828;878.937655
3829;878.937655
3830;878.937655
3831;878.937655
3832;878.937655
3833;878.937655
3834;878.937655
3835;878.937655
3836;878.937655
3837;878.937655
3838;878.937655
3839;878.937655
3840;878.937655
3841;878.937655
3842;878.937655
3843;878.937655
3844;878.937655
3845;878.937655
3846;878.937655
3847;878.937655
3848;878.937655
3849;878.937655
3850;878.937655
3851;878.937655
3852;878.937655
3853;878.937655
3854;878.937655
3855;878.937655
3856;878.937655
3857;878.937655
3858;878.937655
3859;878.937655
3860;878.937655
3861;878.937655
3862;878.937655
3863;878.937655
3864;878.937655
3865;878.937655
3866;878.937655
3867;878.937655
3868;878.937655
3869;878.937655
3870;878.937655
3871;878.937655
3872;878.937655
3873;878.937655
3874;878.937655
3875;878.937655
3876;878.937655
3877;878.937655
3878;878.937655
3879;878.937655
3880;878.937655
3881;878.937655
3882;878.937655
3883;878.937655
3884;878.937655
3885;878.937655
3886;878.937655
3887;878.937655
3888;878.937655
3889;878.937655
3890;878.937655
3891;878.937655
3892;878.937655
3893;878.937655
3894;878.937655
3895;878.937655
3896;878.937655
3897;878.937655
3898;878.937655
3899;878.937655
3900;878.937655
3901;878.937655
3902;878.937655
3903;878.937655
3904;878.937655
3905;878.937655
3906;878.937655
3907;878.937655
3908;878.937655
3909;878.937655
3910;878.937655
3911;878.937655
3912;878.937655
3913;878.937655
3914;878.937655
3915;878.937655
3916;878.937655
3917;878.937655
3918;878.937655
3919;878.937655
3920;878.937655
3921;878.937655
3922;878.937655
3923;878.937655
3924;878.937655
3925;878.937655
3926;878.937655
3927;878.937655
3928;878.937655
3929;878.937655
3930;878.937655
3931;878.937655
3932;878.937655
3933;878.937655
3934;878.937655
3935;878.937655
3936;878.937655
3937;878.937655
3938;878.937655
3939;878.937655
3940;878.937655
3941;878.937655
3942;878.937655
3943;878.937655
3944;878.937655
3945;878.937655
3946;878.937655
3947;878.937655
3948;878.937655
3949;878.937655
3950;878.937655
3951;878.937655
3952;878.937655
3953;878.937655
3954;878.937655
3955;878.937655
3956;878.937655
3957;878.937655
3958;878.937655
3959;878.937655
3960;878.937655
3961;878.937655
3962;878.937655
3963;878.937655
3964;878.937655
3965;878.937655
3966;878.937655
3967;878.937655
3968;878.937655
3969;878.937655
3970;878.937655
3971;878.937655
3972;878.937655
3973;878.937655
3974;878.937655
3975;878.937655
3976;878.937655
3977;878.937655
3978;878.937655
3979;878.937655
3980;878.937655
3981;878.937655
3982;878.937655
3983;878.937655
3984;878.937655
3985;878.937655
3986;878.937655
3987;878.937655
3988;878.937655
3989;878.937655
3990;878.937655
3991;878.937655
3992;878.937655
3993;878.937655
3994;878.937655
3995;878.937655
3996;878.937655
3997;878.937655
3998;878.937655
3999;878.937655
4000;878.937655
4001;878.937655
4002;878.937655
4003;878.937655
4004;878.937655
4005;878.937655
4006;878.937655
4007;878.937655
4008;878.937655
4009;878.937655
4010;878.937655
4011;878.937655
4012;878.937655
4013;878.937655
4014;878.937655
4015;878.937655
4016;878.937655
4017;878.937655
4018;878.937655
4019;878.937655
4020;878.937655
4021;878.937655
4022;878.937655
4023;878.937655
4024;878.937655
4025;878.937655
4026;878.937655
4027;878.937655
4028;878.937655
4029;878.937655
4030;878.937655
4031;878.937655
4032;878.937655
4033;878.937655
4034;878.937655
4035;878.937655
4036;878.937655
4037;878.937655
4038;878.937655
4039;878.937655
4040;878.937655
4041;878.937655
4042;878.937655
4043;878.937655
4044;878.937655
4045;878.937655
4046;878.937655
4047;878.937655
4048;878.937655
4049;878.937655
4050;878.937655
4051;878.937655
4052;878.937655
4053;878.937655
4054;878.937655
4055;878.937655
4056;878.937655
4057;878.937655
4058;878.937655
4059;878.937655
4060;878.937655
4061;878.937655
4062;878.937655
4063;878.937655
4064;878.937655
4065;878.937655
4066;878.937655
4067;878.937655
4068;878.937655
4069;878.937655
4070;878.937655
4071;878.937655
4072;878.937655
4073;878.937655
4074;878.937655
4075;878.937655
4076;878.937655
4077;878.937655
4078;878.937655
4079;878.937655
4080;878.937655
4081;878.937655
4082;878.937655
4083;878.937655
4084;878.937655
4085;878.937655
4086;878.937655
4087;878.937655
4088;878.937655
4089;878.937655
4090;878.937655
4091;878.937655
4092;878.937655
4093;878.937655
4094;878.937655
4095;878.937655
4096;878.937655
4097;878.937655
4098;878.937655
4099;878.937655
4100;878.937655
4101;878.937655
4102;878.937655
4103;878.937655
4104;878.937655
4105;878.937655
4106;878.937655
4107;878.937655
4108;878.937655
4109;878.937655
4110;878.937655
4111;878.937655
4112;878.937655
4113;878.937655
4114;878.937655
4115;878.937655
4116;878.937655
4117;878.937655
4118;878.937655
4119;878.937655
4120;878.937655
4121;878.937655
4122;878.937655
4123;878.937655
4124;878.937655
4125;878.937655
4126;878.937655
4127;878.937655
4128;878.937655
4129;878.937655
4130;878.937655
4131;878.937655
4132;878.937655
4133;878.937655
4134;878.937655
4135;878.937655
4136;878.937655
4137;878.937655
4138;878.937655
4139;878.937655
4140;878.937655
4141;878.937655
4142;878.937655
4143;878.937655
4144;878.937655
4145;878.937655
4146;878.937655
4147;878.937655
4148;878.937655
4149;878.937655
4150;878.937655
4151;878.937655
4152;878.937655
4153;878.937655
4154;878.937655
4155;878.937655
4156;878.937655
4157;878.937655
4158;878.937655
4159;878.937655
4160;878.937655
4161;878.937655
4162;878.937655
4163;878.937655
4164;878.937655
4165;878.937655
4166;878.937655
4167;878.937655
4168;878.937655
4169;878.937655
4170;878.937655
4171;878.937655
4172;878.937655
4173;878.937655
4174;878.937655
4175;878.937655
4176;878.937655
4177;878.937655
4178;878.937655
4179;878.937655
4180;878.937655
4181;878.937655
4182;878.937655
4183;878.937655
4184;878.937655
4185;878.937655
4186;878.937655
4187;878.937655
4188;878.937655
4189;878.937655
4190;878.937655
4191;878.937655
4192;878.937655
4193;878.937655
4194;878.937655
4195;878.937655
4196;878.937655
4197;878.937655
4198;878.937655
4199;878.937655
4200;878.937655
4201;878.937655
4202;878.937655
4203;878.937655
4204;878.937655
4205;878.937655
4206;878.937655
4207;878.937655
4208;878.937655
4209;878.937655
4210;878.937655
4211;878.937655
4212;878.937655
4213;878.937655
4214;878.937655
4215;878.937655
4216;878.937655
4217;878.937655
4218;878.937655
4219;878.937655
4220;878.937655
4221;878.937655
4222;878.937655
4223;878.937655
4224;878.937655
4225;878.937655
4226;878.937655
4227;878.937655
4228;878.937655
4229;878.937655
4230;878.937655
4231;878.937655
4232;878.937655
4233;878.937655
4234;878.937655
4235;878.937655
4236;878.937655
4237;878.937655
4238;878.937655
4239;878.937655
4240;878.937655
4241;878.937655
4242;878.937655
4243;878.937655
4244;878.937655
4245;878.937655
4246;878.937655
4247;878.937655
4248;878.937655
4249;878.937655
4250;878.937655
4251;878.937655
4252;878.937655
4253;878.937655
4254;878.937655
4255;878.937655
4256;878.937655
4257;878.937655
4258;878.937655
4259;878.937655
4260;878.937655
4261;878.937655
4262;878.937655
4263;878.937655
4264;878.937655
4265;878.937655
4266;878.937655
4267;878.937655
4268;878.937655
4269;878.937655
4270;878.937655
4271;878.937655
4272;878.937655
4273;878.937655
4274;878.937655
4275;878.937655
4276;878.937655
4277;878.937655
4278;878.937655
4279;878.937655
4280;878.937655
4281;878.937655
4282;878.937655
4283;878.937655
4284;878.937655
4285;878.937655
4286;878.937655
4287;878.937655
4288;878.937655
4289;878.937655
4290;878.937655
4291;878.937655
4292;878.937655
4293;878.937655
4294;878.937655
4295;878.937655
4296;878.937655
4297;878.937655
4298;878.937655
4299;878.937655
4300;878.937655
4301;878.937655
4302;878.937655
4303;878.937655
4304;878.937655
4305;878.937655
4306;878.937655
4307;878.937655
4308;878.937655
4309;878.937655
4310;878.937655
4311;878.937655
4312;878.937655
4313;878.937655
4314;878.937655
4315;878.937655
4316;878.937655
4317;878.937655
4318;878.937655
4319;878.937655
4320;878.937655
4321;878.937655
4322;878.937655
4323;878.937655
4324;878.937655
4325;878.937655
4326;878.937655
4327;878.937655
4328;878.937655
4329;878.937655
4330;878.937655
4331;878.937655
4332;878.937655
4333;878.937655
4334;878.937655
4335;878.937655
4336;878.937655
4337;878.937655
4338;878.937655
4339;878.937655
4340;878.937655
4341;878.937655
4342;878.937655
4343;878.937655
4344;878.937655
4345;878.937655
4346;878.937655
4347;878.937655
4348;878.937655
4349;878.937655
4350;878.937655
4351;878.937655
4352;878.937655
4353;878.937655
4354;878.937655
4355;878.937655
4356;878.937655
4357;878.937655
4358;878.937655
4359;878.937655
4360;878.937655
4361;878.937655
4362;878.937655
4363;878.937655
4364;878.937655
4365;878.937655
4366;878.937655
4367;878.937655
4368;878.937655
4369;878.937655
4370;878.937655
4371;878.937655
4372;878.937655
4373;878.937655
4374;878.937655
4375;878.937655
4376;878.937655
4377;878.937655
4378;878.937655
4379;878.937655
4380;878.937655
4381;878.937655
4382;878.937655
4383;878.937655
4384;878.937655
4385;878.937655
4386;878.937655
4387;878.937655
4388;878.937655
4389;878.937655
4390;878.937655
4391;878.937655
4392;878.937655
4393;878.937655
4394;878.937655
4395;878.937655
4396;878.937655
4397;878.937655
4398;878.937655
4399;878.937655
4400;878.937655
4401;878.937655
4402;878.937655
4403;878.937655
4404;878.937655
4405;878.937655
4406;878.937655
4407;878.937655
4408;878.937655
4409;878.937655
4410;878.937655
4411;878.937655
4412;878.937655
4413;878.937655
4414;878.937655
4415;878.937655
4416;878.937655
4417;878.937655
4418;878.937655
4419;878.937655
4420;878.937655
4421;878.937655
4422;878.937655
4423;878.937655
4424;878.937655
4425;878.937655
4426;878.937655
4427;878.937655
4428;878.937655
4429;878.937655
4430;878.937655
4431;878.937655
4432;878.937655
4433;878.937655
4434;878.937655
4435;878.937655
4436;878.937655
4437;878.937655
4438;878.937655
4439;878.937655
4440;878.937655
4441;878.937655
4442;878.937655
4443;878.937655
4444;878.937655
4445;878.937655
4446;878.937655
4447;878.937655
4448;878.937655
4449;878.937655
4450;878.937655
4451;878.937655
4452;878.937655
4453;878.937655
4454;878.937655
4455;878.937655
4456;878.937655
4457;878.937655
4458;878.937655
4459;878.937655
4460;878.937655
4461;878.937655
4462;878.937655
4463;878.937655
4464;878.937655
4465;878.937655
4466;878.937655
4467;878.937655
4468;878.937655
4469;878.937655
4470;878.937655
4471;878.937655
4472;878.937655
4473;878.937655
4474;878.937655
4475;878.937655
4476;878.937655
4477;878.937655
4478;878.937655
4479;878.937655
4480;878.937655
4481;878.937655
4482;878.937655
4483;878.937655
4484;878.937655
4485;878.937655
4486;878.937655
4487;878.937655
4488;878.937655
4489;878.937655
4490;878.937655
4491;878.937655
4492;878.937655
4493;878.937655
4494;878.937655
4495;878.937655
4496;878.937655
4497;878.937655
4498;878.937655
4499;878.937655
4500;878.937655
4501;878.937655
4502;878.937655
4503;878.937655
4504;878.937655
4505;878.937655
4506;878.937655
4507;878.937655
4508;878.937655
4509;878.937655
4510;878.937655
4511;878.937655
4512;878.937655
4513;878.937655
4514;878.937655
4515;878.937655
4516;878.937655
4517;878.937655
4518;878.937655
4519;878.937655
4520;878.937655
4521;878.937655
4522;878.937655
4523;878.937655
4524;878.937655
4525;878.937655
4526;878.937655
4527;878.937655
4528;878.937655
4529;878.937655
4530;878.937655
4531;878.937655
4532;878.937655
4533;878.937655
4534;878.937655
4535;878.937655
4536;878.937655
4537;878.937655
4538;878.937655
4539;878.937655
4540;878.937655
4541;878.937655
4542;878.937655
4543;878.937655
4544;878.937655
4545;878.937655
4546;878.937655
4547;878.937655
4548;878.937655
4549;878.937655
4550;878.937655
4551;878.937655
4552;878.937655
4553;878.937655
4554;878.937655
4555;878.937655
4556;878.937655
4557;878.937655
4558;878.937655
4559;878.937655
4560;878.937655
4561;878.937655
4562;878.937655
4563;878.937655
4564;878.937655
4565;878.937655
4566;878.937655
4567;878.937655
4568;878.937655
4569;878.937655
4570;878.937655
4571;878.937655
4572;878.937655
4573;878.937655
4574;878.937655
4575;878.937655
4576;878.937655
4577;878.937655
4578;878.937655
4579;878.937655
4580;878.937655
4581;878.937655
4582;878.937655
4583;878.937655
4584;878.937655
4585;878.937655
4586;878.937655
4587;878.937655
4588;878.937655
4589;878.937655
4590;878.937655
4591;878.937655
4592;878.937655
4593;878.937655
4594;878.937655
4595;878.937655
4596;878.937655
4597;878.937655
4598;878.937655
4599;878.937655
4600;878.937655
4601;878.937655
4602;878.937655
4603;878.937655
4604;878.937655
4605;878.937655
4606;878.937655
4607;878.937655
4608;878.937655
4609;878.937655
4610;878.937655
4611;878.937655
4612;878.937655
4613;878.937655
4614;878.937655
4615;878.937655
4616;878.937655
4617;878.937655
4618;878.937655
4619;878.937655
4620;878.937655
4621;878.937655
4622;878.937655
4623;878.937655
4624;878.937655
4625;878.937655
4626;878.937655
4627;878.937655
4628;878.937655
4629;878.937655
4630;878.937655
4631;878.937655
4632;878.937655
4633;878.937655
4634;878.937655
4635;878.937655
4636;878.937655
4637;878.937655
4638;878.937655
4639;878.937655
4640;878.937655
4641;878.937655
4642;878.937655
4643;878.937655
4644;878.937655
4645;878.937655
4646;878.937655
4647;878.937655
4648;878.937655
4649;878.937655
4650;878.937655
4651;878.937655
4652;878.937655
4653;878.937655
4654;878.937655
4655;878.937655
4656;878.937655
4657;878.937655
4658;878.937655
4659;878.937655
4660;878.937655
4661;878.937655
4662;878.937655
4663;878.937655
4664;878.937655
4665;878.937655
4666;878.937655
4667;878.937655
4668;878.937655
4669;878.937655
4670;878.937655
4671;878.937655
4672;878.937655
4673;878.937655
4674;878.937655
4675;878.937655
4676;878.937655
4677;878.937655
4678;878.937655
4679;878.937655
4680;878.937655
4681;878.937655
4682;878.937655
4683;878.937655
4684;878.937655
4685;878.937655
4686;878.937655
4687;878.937655
4688;878.937655
4689;878.937655
4690;878.937655
4691;878.937655
4692;878.937655
4693;878.937655
4694;878.937655
4695;878.937655
4696;878.937655
4697;878.937655
4698;878.937655
4699;878.937655
4700;878.937655
4701;878.937655
4702;878.937655
4703;878.937655
4704;878.937655
4705;878.937655
4706;878.937655
4707;878.937655
4708;878.937655
4709;878.937655
4710;878.937655
4711;878.937655
4712;878.937655
4713;878.937655
4714;878.937655
4715;878.937655
4716;878.937655
4717;878.937655
4718;878.937655
4719;878.937655
4720;878.937655
4721;878.937655
4722;878.937655
4723;878.937655
4724;878.937655
4725;878.937655
4726;878.937655
4727;878.937655
4728;878.937655
4729;878.937655
4730;878.937655
4731;878.937655
4732;878.937655
4733;878.937655
4734;878.937655
4735;878.937655
4736;878.937655
4737;878.937655
4738;878.937655
4739;878.937655
4740;878.937655
4741;878.937655
4742;878.937655
4743;878.937655
4744;878.937655
4745;878.937655
4746;878.937655
4747;878.937655
4748;878.937655
4749;878.937655
4750;878.937655
4751;878.937655
4752;878.937655
4753;878.937655
4754;878.937655
4755;878.937655
4756;878.937655
4757;878.937655
4758;878.937655
4759;878.937655
4760;878.937655
4761;878.937655
4762;878.937655
4763;878.937655
4764;878.937655
4765;878.937655
4766;878.937655
4767;878.937655
4768;878.937655
4769;878.937655
4770;878.937655
4771;878.937655
4772;878.937655
4773;878.937655
4774;878.937655
4775;878.937655
4776;878.937655
4777;878.937655
4778;878.937655
4779;878.937655
4780;878.937655
4781;878.937655
4782;878.937655
4783;878.937655
4784;878.937655
4785;878.937655
4786;878.937655
4787;878.937655
4788;878.937655
4789;878.937655
4790;878.937655
4791;878.937655
4792;878.937655
4793;878.937655
4794;878.937655
4795;878.937655
4796;878.937655
4797;878.937655
4798;878.937655
4799;878.937655
4800;878.937655
4801;878.937655
4802;878.937655
4803;878.937655
4804;878.937655
4805;878.937655
4806;878.937655
4807;878.937655
4808;878.937655
4809;878.937655
4810;878.937655
4811;878.937655
4812;878.937655
4813;878.937655
4814;878.937655
4815;878.937655
4816;878.937655
4817;878.937655
4818;878.937655
4819;878.937655
4820;878.937655
4821;878.937655
4822;878.937655
4823;878.937655
4824;878.937655
4825;878.937655
4826;878.937655
4827;878.937655
4828;878.937655
4829;878.937655
4830;878.937655
4831;878.937655
4832;878.937655
4833;878.937655
4834;878.937655
4835;878.937655
4836;878.937655
4837;878.937655
4838;878.937655
4839;878.937655
4840;878.937655
4841;878.937655
4842;878.937655
4843;878.937655
4844;878.937655
4845;878.937655
4846;878.937655
4847;878.937655
4848;878.937655
4849;878.937655
4850;878.937655
4851;878.937655
4852;878.937655
4853;878.937655
4854;878.937655
4855;878.937655
4856;878.937655
4857;878.937655
4858;878.937655
4859;878.937655
4860;878.937655
4861;878.937655
4862;878.937655
4863;878.937655
4864;878.937655
4865;878.937655
4866;878.937655
4867;878.937655
4868;878.937655
4869;878.937655
4870;878.937655
4871;878.937655
4872;878.937655
4873;878.937655
4874;878.937655
4875;878.937655
4876;878.937655
4877;878.937655
4878;878.937655
4879;878.937655
4880;878.937655
4881;878.937655
4882;878.937655
4883;878.937655
4884;878.937655
4885;878.937655
4886;878.937655
4887;878.937655
4888;878.937655
4889;878.937655
4890;878.937655
4891;878.937655
4892;878.937655
4893;878.937655
4894;878.937655
4895;878.937655
4896;878.937655
4897;878.937655
4898;878.937655
4899;878.937655
4900;878.937655
4901;878.937655
4902;878.937655
4903;878.937655
4904;878.937655
4905;878.937655
4906;878.937655
4907;878.937655
4908;878.937655
4909;878.937655
4910;878.937655
4911;878.937655
4912;878.937655
4913;878.937655
4914;878.937655
4915;878.937655
4916;878.937655
4917;878.937655
4918;878.937655
4919;878.937655
4920;878.937655
4921;878.937655
4922;878.937655
4923;878.937655
4924;878.937655
4925;878.937655
4926;878.937655
4927;878.937655
4928;878.937655
4929;878.937655
4930;878.937655
4931;878.937655
4932;878.937655
4933;878.937655
4934;878.937655
4935;878.937655
4936;878.937655
4937;878.937655
4938;878.937655
4939;878.937655
4940;878.937655
4941;878.937655
4942;878.937655
4943;878.937655
4944;878.937655
4945;878.937655
4946;878.937655
4947;878.937655
4948;878.937655
4949;878.937655
4950;878.937655
4951;878.937655
4952;878.937655
4953;878.937655
4954;878.937655
4955;878.937655
4956;878.937655
4957;878.937655
4958;878.937655
4959;878.937655
4960;878.937655
4961;878.937655
4962;878.937655
4963;878.937655
4964;878.937655
4965;878.937655
4966;878.937655
4967;878.937655
4968;878.937655
4969;878.937655
4970;878.937655
4971;878.937655
4972;878.937655
4973;878.937655
4974;878.937655
4975;878.937655
4976;878.937655
4977;878.937655
4978;878.937655
4979;878.937655
4980;878.937655
4981;878.937655
4982;878.937655
4983;878.937655
4984;878.937655
4985;878.937655
4986;878.937655
4987;878.937655
4988;878.937655
4989;878.937655
4990;878.937655
4991;878.937655
4992;878.937655
4993;878.937655
4994;878.937655
4995;878.937655
4996;878.937655
4997;878.937655
4998;878.937655
4999;878.937655
5000;878.937655
5001;878.937655
