1;0.000836
2;0.000836
3;0.000836
4;0.000836
5;0.000836
6;0.000836
7;0.000836
8;0.000836
9;0.000836
10;0.000836
11;0.000836
12;0.000836
13;0.000836
14;0.000836
15;0.000836
16;0.000836
17;0.000836
18;0.000836
19;0.000836
20;0.000836
21;0.000836
22;0.000836
23;0.000836
24;0.000836
25;0.000836
26;0.000836
27;0.000836
28;0.000836
29;0.000836
30;0.000836
31;0.000836
32;0.000836
33;0.000836
34;0.000836
35;0.000836
36;0.000836
37;0.000836
38;0.000836
39;0.000836
40;0.000836
41;0.000836
42;0.000836
43;0.000836
44;0.000836
45;0.000836
46;0.000836
47;0.000836
48;0.000836
49;0.000836
50;0.000836
51;0.000836
52;0.000836
53;0.000836
54;0.000836
55;0.000836
56;0.000836
57;0.000836
58;0.000836
59;0.000836
60;0.000836
61;0.000836
62;0.000836
63;0.000836
64;0.000836
65;0.000836
66;0.000836
67;0.000836
68;0.000836
69;0.000836
70;0.000836
71;0.000836
72;0.000836
73;0.000836
74;0.000836
75;0.000836
76;0.000836
77;0.000836
78;0.000836
79;0.000836
80;0.000836
81;0.000836
82;0.000836
83;0.000836
84;0.000836
85;0.000836
86;0.000836
87;0.000836
88;0.000836
89;0.000836
90;0.000836
91;0.000836
92;0.000836
93;0.000836
94;0.000836
95;0.000836
96;0.000836
97;0.000836
98;0.000836
99;0.000836
100;0.000836
101;0.000836
102;0.000836
103;0.000836
104;0.000836
105;0.000836
106;0.000836
107;0.000836
108;0.000836
109;0.000836
110;0.000836
111;0.000836
112;0.000836
113;0.000836
114;0.000836
115;0.000836
116;0.000836
117;0.000836
118;0.000836
119;0.000836
120;0.000836
121;0.000836
122;0.000836
123;0.000836
124;0.000836
125;0.000836
126;0.000836
127;0.000836
128;0.000836
129;0.000836
130;0.000836
131;0.000836
132;0.000836
133;0.000836
134;0.000836
135;0.000836
136;0.000836
137;0.000836
138;0.000836
139;0.000836
140;0.000836
141;0.000836
142;0.000836
143;0.000836
144;0.000836
145;0.000836
146;0.000836
147;0.000836
148;0.000836
149;0.000836
150;0.000836
151;0.000836
152;0.000836
153;0.000836
154;0.000836
155;0.000836
156;0.000836
157;0.000836
158;0.000836
159;0.000836
160;0.000836
161;0.000836
162;0.000836
163;0.000836
164;0.000836
165;0.000836
166;0.000836
167;0.000836
168;0.000836
169;0.000836
170;0.000836
171;0.000836
172;0.000836
173;0.000836
174;0.000836
175;0.000836
176;0.000836
177;0.000836
178;0.000836
179;0.000836
180;0.000836
181;0.000836
182;0.000836
183;0.000836
184;0.000836
185;0.000836
186;0.000836
187;0.000836
188;0.000836
189;0.000836
190;0.000836
191;0.000836
192;0.000836
193;0.000836
194;0.000836
195;0.000836
196;0.000836
197;0.000836
198;0.000836
199;0.000836
200;0.000836
201;0.000836
202;0.000836
203;0.000836
204;0.000836
205;0.000836
206;0.000836
207;0.000836
208;0.000836
209;0.000836
210;0.000836
211;0.000836
212;0.000836
213;0.000836
214;0.000836
215;0.000836
216;0.000836
217;0.000836
218;0.000836
219;0.000836
220;0.000836
221;0.000836
222;0.000836
223;0.000836
224;0.000836
225;0.000836
226;0.000836
227;0.000836
228;0.000836
229;0.000836
230;0.000836
231;0.000836
232;0.000836
233;0.000836
234;0.000836
235;0.000836
236;0.000836
237;0.000836
238;0.000836
239;0.000836
240;0.000836
241;0.000836
242;0.000836
243;0.000836
244;0.000836
245;0.000836
246;0.000836
247;0.000836
248;0.000836
249;0.000836
250;0.000836
251;0.000836
252;0.000836
253;0.000836
254;0.000836
255;0.000836
256;0.000836
257;0.000836
258;0.000836
259;0.000836
260;0.000836
261;0.000836
262;0.000836
263;0.000836
264;0.000836
265;0.000836
266;0.000836
267;0.000836
268;0.000836
269;0.000836
270;0.000836
271;0.000836
272;0.000836
273;0.000836
274;0.000836
275;0.000836
276;0.000836
277;0.000836
278;0.000836
279;0.000836
280;0.000836
281;0.000836
282;0.000836
283;0.000836
284;0.000836
285;0.000836
286;0.000836
287;0.000836
288;0.000836
289;0.000836
290;0.000836
291;0.000836
292;0.000836
293;0.000836
294;0.000836
295;0.000836
296;0.000836
297;0.000836
298;0.000836
299;0.000836
300;0.000836
301;0.000836
302;0.000836
303;0.000836
304;0.000836
305;0.000836
306;0.000836
307;0.000836
308;0.000836
309;0.000836
310;0.000836
311;0.000836
312;0.000836
313;0.000836
314;0.000836
315;0.000836
316;0.000836
317;0.000836
318;0.000836
319;0.000836
320;0.000836
321;0.000836
322;0.000836
323;0.000836
324;0.000836
325;0.000836
326;0.000836
327;0.000836
328;0.000836
329;0.000836
330;0.000836
331;0.000836
332;0.000836
333;0.000836
334;0.000836
335;0.000836
336;0.000836
337;0.000836
338;0.000836
339;0.000836
340;0.000836
341;0.000836
342;0.000836
343;0.000836
344;0.000836
345;0.000836
346;0.000836
347;0.000836
348;0.000836
349;0.000836
350;0.000836
351;0.000836
352;0.000836
353;0.000836
354;0.000836
355;0.000836
356;0.000836
357;0.000836
358;0.000836
359;0.000836
360;0.000836
361;0.000836
362;0.000836
363;0.000836
364;0.000836
365;0.000836
366;0.000836
367;0.000836
368;0.000836
369;0.000836
370;0.000836
371;0.000836
372;0.000836
373;0.000836
374;0.000836
375;0.000836
376;0.000836
377;0.000836
378;0.000836
379;0.000836
380;0.000836
381;0.000836
382;0.000836
383;0.000836
384;0.000836
385;0.000836
386;0.000836
387;0.000836
388;0.000836
389;0.000836
390;0.000836
391;0.000836
392;0.000836
393;0.000836
394;0.000836
395;0.000836
396;0.000836
397;0.000836
398;0.000836
399;0.000836
400;0.000836
401;0.000836
402;0.000836
403;0.000836
404;0.000836
405;0.000836
406;0.000836
407;0.000836
408;0.000836
409;0.000836
410;0.000836
411;0.000836
412;0.000836
413;0.000836
414;0.000836
415;0.000836
416;0.000836
417;0.000836
418;0.000836
419;0.000836
420;0.000836
421;0.000836
422;0.000836
423;0.000836
424;0.000836
425;0.000836
426;0.000836
427;0.000836
428;0.000836
429;0.000836
430;0.000836
431;0.000836
432;0.000836
433;0.000836
434;0.000836
435;0.000836
436;0.000836
437;0.000836
438;0.000836
439;0.000836
440;0.000836
441;0.000836
442;0.000836
443;0.000836
444;0.000836
445;0.000836
446;0.000836
447;0.000836
448;0.000836
449;0.000836
450;0.000836
451;0.000836
452;0.000836
453;0.000836
454;0.000836
455;0.000836
456;0.000836
457;0.000836
458;0.000836
459;0.000836
460;0.000836
461;0.000836
462;0.000836
463;0.000836
464;0.000836
465;0.000836
466;0.000836
467;0.000836
468;0.000836
469;0.000836
470;0.000836
471;0.000836
472;0.000836
473;0.000836
474;0.000836
475;0.000836
476;0.000836
477;0.000836
478;0.000836
479;0.000836
480;0.000836
481;0.000836
482;0.000836
483;0.000836
484;0.000836
485;0.000836
486;0.000836
487;0.000836
488;0.000836
489;0.000836
490;0.000836
491;0.000836
492;0.000836
493;0.000836
494;0.000836
495;0.000836
496;0.000836
497;0.000836
498;0.000836
499;0.000836
500;0.000836
501;0.000836
502;0.000836
503;0.000836
504;0.000836
505;0.000836
506;0.000836
507;0.000836
508;0.000836
509;0.000836
510;0.000836
511;0.000836
512;0.000836
513;0.000836
514;0.000836
515;0.000836
516;0.000836
517;0.000836
518;0.000836
519;0.000836
520;0.000836
521;0.000836
522;0.000836
523;0.000836
524;0.000836
525;0.000836
526;0.000836
527;0.000836
528;0.000836
529;0.000836
530;0.000836
531;0.000836
532;0.000836
533;0.000836
534;0.000836
535;0.000836
536;0.000836
537;0.000836
538;0.000836
539;0.000836
540;0.000836
541;0.000836
542;0.000836
543;0.000836
544;0.000836
545;0.000836
546;0.000836
547;0.000836
548;0.000836
549;0.000836
550;0.000836
551;0.000836
552;0.000836
553;0.000836
554;0.000836
555;0.000836
556;0.000836
557;0.000836
558;0.000836
559;0.000836
560;0.000836
561;0.000836
562;0.000836
563;0.000836
564;0.000836
565;0.000836
566;0.000836
567;0.000836
568;0.000836
569;0.000836
570;0.000836
571;0.000836
572;0.000836
573;0.000836
574;0.000836
575;0.000836
576;0.000836
577;0.000836
578;0.000836
579;0.000836
580;0.000836
581;0.000836
582;0.000836
583;0.000836
584;0.000836
585;0.000836
586;0.000836
587;0.000836
588;0.000836
589;0.000836
590;0.000836
591;0.000836
592;0.000836
593;0.000836
594;0.000836
595;0.000836
596;0.000836
597;0.000836
598;0.000836
599;0.000836
600;0.000836
601;0.000836
602;0.000836
603;0.000836
604;0.000836
605;0.000836
606;0.000836
607;0.000836
608;0.000836
609;0.000836
610;0.000836
611;0.000836
612;0.000836
613;0.000836
614;0.000836
615;0.000836
616;0.000836
617;0.000836
618;0.000836
619;0.000836
620;0.000836
621;0.000836
622;0.000836
623;0.000836
624;0.000836
625;0.000836
626;0.000836
627;0.000836
628;0.000836
629;0.000836
630;0.000836
631;0.000836
632;0.000836
633;0.000836
634;0.000836
635;0.000836
636;0.000836
637;0.000836
638;0.000836
639;0.000836
640;0.000836
641;0.000836
642;0.000836
643;0.000836
644;0.000836
645;0.000836
646;0.000836
647;0.000836
648;0.000836
649;0.000836
650;0.000836
651;0.000836
652;0.000836
653;0.000836
654;0.000836
655;0.000836
656;0.000836
657;0.000836
658;0.000836
659;0.000836
660;0.000836
661;0.000836
662;0.000836
663;0.000836
664;0.000836
665;0.000836
666;0.000836
667;0.000836
668;0.000836
669;0.000836
670;0.000836
671;0.000836
672;0.000836
673;0.000836
674;0.000836
675;0.000836
676;0.000836
677;0.000836
678;0.000836
679;0.000836
680;0.000836
681;0.000836
682;0.000836
683;0.000836
684;0.000836
685;0.000836
686;0.000836
687;0.000836
688;0.000836
689;0.000836
690;0.000836
691;0.000836
692;0.000836
693;0.000836
694;0.000836
695;0.000836
696;0.000836
697;0.000836
698;0.000836
699;0.000836
700;0.000836
701;0.000836
702;0.000836
703;0.000836
704;0.000836
705;0.000836
706;0.000836
707;0.000836
708;0.000836
709;0.000836
710;0.000836
711;0.000836
712;0.000836
713;0.000836
714;0.000836
715;0.000836
716;0.000836
717;0.000836
718;0.000836
719;0.000836
720;0.000836
721;0.000836
722;0.000836
723;0.000836
724;0.000836
725;0.000836
726;0.000836
727;0.000836
728;0.000836
729;0.000836
730;0.000836
731;0.000836
732;0.000836
733;0.000836
734;0.000836
735;0.000836
736;0.000836
737;0.000836
738;0.000836
739;0.000836
740;0.000836
741;0.000836
742;0.000836
743;0.000836
744;0.000836
745;0.000836
746;0.000836
747;0.000836
748;0.000836
749;0.000836
750;0.000836
751;0.000836
752;0.000836
753;0.000836
754;0.000836
755;0.000836
756;0.000836
757;0.000836
758;0.000836
759;0.000836
760;0.000836
761;0.000836
762;0.000836
763;0.000836
764;0.000836
765;0.000836
766;0.000836
767;0.000836
768;0.000836
769;0.000836
770;0.000836
771;0.000836
772;0.000836
773;0.000836
774;0.000836
775;0.000836
776;0.000836
777;0.000836
778;0.000836
779;0.000836
780;0.000836
781;0.000836
782;0.000836
783;0.000836
784;0.000836
785;0.000836
786;0.000836
787;0.000836
788;0.000836
789;0.000836
790;0.000836
791;0.000836
792;0.000836
793;0.000836
794;0.000836
795;0.000836
796;0.000836
797;0.000836
798;0.000836
799;0.000836
800;0.000836
801;0.000836
802;0.000836
803;0.000836
804;0.000836
805;0.000836
806;0.000836
807;0.000836
808;0.000836
809;0.000836
810;0.000836
811;0.000836
812;0.000836
813;0.000836
814;0.000836
815;0.000836
816;0.000836
817;0.000836
818;0.000836
819;0.000836
820;0.000836
821;0.000836
822;0.000836
823;0.000836
824;0.000836
825;0.000836
826;0.000836
827;0.000836
828;0.000836
829;0.000836
830;0.000836
831;0.000836
832;0.000836
833;0.000836
834;0.000836
835;0.000836
836;0.000836
837;0.000836
838;0.000836
839;0.000836
840;0.000836
841;0.000836
842;0.000836
843;0.000836
844;0.000836
845;0.000836
846;0.000836
847;0.000836
848;0.000836
849;0.000836
850;0.000836
851;0.000836
852;0.000836
853;0.000836
854;0.000836
855;0.000836
856;0.000836
857;0.000836
858;0.000836
859;0.000836
860;0.000836
861;0.000836
862;0.000836
863;0.000836
864;0.000836
865;0.000836
866;0.000836
867;0.000836
868;0.000836
869;0.000836
870;0.000836
871;0.000836
872;0.000836
873;0.000836
874;0.000836
875;0.000836
876;0.000836
877;0.000836
878;0.000836
879;0.000836
880;0.000836
881;0.000836
882;0.000836
883;0.000836
884;0.000836
885;0.000836
886;0.000836
887;0.000836
888;0.000836
889;0.000836
890;0.000836
891;0.000836
892;0.000836
893;0.000836
894;0.000836
895;0.000836
896;0.000836
897;0.000836
898;0.000836
899;0.000836
900;0.000836
901;0.000836
902;0.000836
903;0.000836
904;0.000836
905;0.000836
906;0.000836
907;0.000836
908;0.000836
909;0.000836
910;0.000836
911;0.000836
912;0.000836
913;0.000836
914;0.000836
915;0.000836
916;0.000836
917;0.000836
918;0.000836
919;0.000836
920;0.000836
921;0.000836
922;0.000836
923;0.000836
924;0.000836
925;0.000836
926;0.000836
927;0.000836
928;0.000836
929;0.000836
930;0.000836
931;0.000836
932;0.000836
933;0.000836
934;0.000836
935;0.000836
936;0.000836
937;0.000836
938;0.000836
939;0.000836
940;0.000836
941;0.000836
942;0.000836
943;0.000836
944;0.000836
945;0.000836
946;0.000836
947;0.000836
948;0.000836
949;0.000836
950;0.000836
951;0.000836
952;0.000836
953;0.000836
954;0.000836
955;0.000836
956;0.000836
957;0.000836
958;0.000836
959;0.000836
960;0.000836
961;0.000836
962;0.000836
963;0.000836
964;0.000836
965;0.000836
966;0.000836
967;0.000836
968;0.000836
969;0.000836
970;0.000836
971;0.000836
972;0.000836
973;0.000836
974;0.000836
975;0.000836
976;0.000836
977;0.000836
978;0.000836
979;0.000836
980;0.000836
981;0.000836
982;0.000836
983;0.000836
984;0.000836
985;0.000836
986;0.000836
987;0.000836
988;0.000836
989;0.000836
990;0.000836
991;0.000836
992;0.000836
993;0.000836
994;0.000836
995;0.000836
996;0.000836
997;0.000836
998;0.000836
999;0.000836
1000;0.000836
1001;0.000836
