1;0.890401
2;0.890401
3;0.890401
4;0.890401
5;0.890401
6;0.890401
7;0.890401
8;0.890401
9;0.890401
10;0.890401
11;0.890401
12;0.890401
13;0.890401
14;0.890401
15;0.890401
16;0.890401
17;0.890401
18;0.890401
19;0.890401
20;0.869570
21;0.869570
22;0.869570
23;0.869570
24;0.869570
25;0.869570
26;0.869570
27;0.869570
28;0.869570
29;0.869570
30;0.869570
31;0.869570
32;0.869570
33;0.869570
34;0.869570
35;0.869570
36;0.869570
37;0.869570
38;0.869570
39;0.869570
40;0.869570
41;0.869570
42;0.869570
43;0.869570
44;0.869570
45;0.869570
46;0.869570
47;0.869570
48;0.869570
49;0.869570
50;0.869570
51;0.869570
52;0.869570
53;0.869570
54;0.869570
55;0.869570
56;0.869570
57;0.869570
58;0.869570
59;0.869570
60;0.869570
61;0.869570
62;0.869570
63;0.869570
64;0.869570
65;0.869570
66;0.869570
67;0.869570
68;0.869570
69;0.869570
70;0.869570
71;0.869570
72;0.869570
73;0.869570
74;0.869570
75;0.869570
76;0.869570
77;0.869570
78;0.869570
79;0.869570
80;0.869570
81;0.869570
82;0.869570
83;0.869570
84;0.869570
85;0.869570
86;0.869570
87;0.869570
88;0.869570
89;0.869570
90;0.869570
91;0.869570
92;0.869570
93;0.869570
94;0.869570
95;0.869570
96;0.869570
97;0.869570
98;0.869570
99;0.869570
100;0.869570
101;0.869570
102;0.869570
103;0.869570
104;0.869570
105;0.869570
106;0.869570
107;0.869570
108;0.869570
109;0.869570
110;0.869570
111;0.869570
112;0.869570
113;0.869570
114;0.869570
115;0.869570
116;0.869570
117;0.869570
118;0.869570
119;0.869570
120;0.869570
121;0.869570
122;0.869570
123;0.869570
124;0.869570
125;0.869570
126;0.869570
127;0.869570
128;0.869570
129;0.869570
130;0.869570
131;0.869570
132;0.869570
133;0.869570
134;0.869570
135;0.869570
136;0.869570
137;0.869570
138;0.869570
139;0.869570
140;0.869570
141;0.869570
142;0.869570
143;0.869570
144;0.869570
145;0.869570
146;0.869570
147;0.869570
148;0.869570
149;0.869570
150;0.869570
151;0.869570
152;0.869570
153;0.869570
154;0.869570
155;0.869570
156;0.869570
157;0.869570
158;0.869570
159;0.869570
160;0.869570
161;0.869570
162;0.869570
163;0.869570
164;0.869570
165;0.869570
166;0.869570
167;0.869570
168;0.869570
169;0.869570
170;0.869570
171;0.869570
172;0.869570
173;0.869570
174;0.869570
175;0.869570
176;0.869570
177;0.869570
178;0.869570
179;0.869570
180;0.869570
181;0.869570
182;0.869570
183;0.869570
184;0.869570
185;0.869570
186;0.869570
187;0.869570
188;0.869570
189;0.869570
190;0.869570
191;0.869570
192;0.869570
193;0.869570
194;0.869570
195;0.869570
196;0.869570
197;0.869570
198;0.869570
199;0.869570
200;0.869570
201;0.869570
202;0.869570
203;0.869570
204;0.869570
205;0.869570
206;0.869570
207;0.869570
208;0.869570
209;0.869570
210;0.869570
211;0.869570
212;0.869570
213;0.869570
214;0.869570
215;0.869570
216;0.869570
217;0.869570
218;0.869570
219;0.869570
220;0.869570
221;0.869570
222;0.869570
223;0.869570
224;0.869570
225;0.869570
226;0.869570
227;0.869570
228;0.869570
229;0.869570
230;0.869570
231;0.869570
232;0.869570
233;0.869570
234;0.869570
235;0.869570
236;0.869570
237;0.869570
238;0.869570
239;0.869570
240;0.869570
241;0.869570
242;0.869570
243;0.869570
244;0.869570
245;0.869570
246;0.869570
247;0.869570
248;0.869570
249;0.869570
250;0.869570
251;0.869570
252;0.869570
253;0.869570
254;0.869570
255;0.869570
256;0.869570
257;0.869570
258;0.869570
259;0.869570
260;0.869570
261;0.869570
262;0.869570
263;0.869570
264;0.869570
265;0.869570
266;0.869570
267;0.869570
268;0.869570
269;0.869570
270;0.869570
271;0.869570
272;0.869570
273;0.869570
274;0.869570
275;0.869570
276;0.869570
277;0.869570
278;0.869570
279;0.869570
280;0.869570
281;0.869570
282;0.869570
283;0.869570
284;0.869570
285;0.869570
286;0.869570
287;0.869570
288;0.869570
289;0.869570
290;0.869570
291;0.869570
292;0.869570
293;0.869570
294;0.869570
295;0.869570
296;0.869570
297;0.869570
298;0.869570
299;0.869570
300;0.869570
301;0.869570
302;0.869570
303;0.869570
304;0.869570
305;0.869570
306;0.869570
307;0.869570
308;0.869570
309;0.869570
310;0.869570
311;0.869570
312;0.869570
313;0.869570
314;0.869570
315;0.869570
316;0.869570
317;0.869570
318;0.869570
319;0.869570
320;0.869570
321;0.869570
322;0.869570
323;0.869570
324;0.869570
325;0.869570
326;0.869570
327;0.869570
328;0.869570
329;0.869570
330;0.869570
331;0.869570
332;0.869570
333;0.869570
334;0.869570
335;0.869570
336;0.869570
337;0.869570
338;0.869570
339;0.869570
340;0.869570
341;0.869570
342;0.869570
343;0.869570
344;0.869570
345;0.869570
346;0.869570
347;0.869570
348;0.869570
349;0.869570
350;0.869570
351;0.869570
352;0.869570
353;0.869570
354;0.869570
355;0.869570
356;0.869570
357;0.869570
358;0.869570
359;0.869570
360;0.869570
361;0.869570
362;0.869570
363;0.869570
364;0.869570
365;0.869570
366;0.869570
367;0.869570
368;0.869570
369;0.869570
370;0.869570
371;0.869570
372;0.869570
373;0.869570
374;0.869570
375;0.869570
376;0.869570
377;0.869570
378;0.869570
379;0.869570
380;0.869570
381;0.869570
382;0.869570
383;0.869570
384;0.869570
385;0.869570
386;0.869570
387;0.869570
388;0.869570
389;0.869570
390;0.869570
391;0.869570
392;0.869570
393;0.869570
394;0.869570
395;0.869570
396;0.869570
397;0.869570
398;0.869570
399;0.869570
400;0.869570
401;0.869570
402;0.869570
403;0.869570
404;0.869570
405;0.869570
406;0.869570
407;0.869570
408;0.869570
409;0.869570
410;0.869570
411;0.869570
412;0.869570
413;0.869570
414;0.869570
415;0.869570
416;0.869570
417;0.869570
418;0.869570
419;0.869570
420;0.869570
421;0.869570
422;0.869570
423;0.869570
424;0.869570
425;0.869570
426;0.869570
427;0.869570
428;0.869570
429;0.869570
430;0.869570
431;0.869570
432;0.869570
433;0.869570
434;0.869570
435;0.869570
436;0.869570
437;0.869570
438;0.869570
439;0.869570
440;0.869570
441;0.869570
442;0.869570
443;0.869570
444;0.869570
445;0.869570
446;0.869570
447;0.869570
448;0.869570
449;0.869570
450;0.869570
451;0.869570
452;0.869570
453;0.869570
454;0.869570
455;0.869570
456;0.869570
457;0.869570
458;0.869570
459;0.869570
460;0.869570
461;0.869570
462;0.869570
463;0.869570
464;0.869570
465;0.869570
466;0.869570
467;0.869570
468;0.869570
469;0.869570
470;0.869570
471;0.869570
472;0.869570
473;0.869570
474;0.869570
475;0.869570
476;0.869570
477;0.869570
478;0.869570
479;0.869570
480;0.869570
481;0.869570
482;0.869570
483;0.869570
484;0.869570
485;0.869570
486;0.869570
487;0.869570
488;0.869570
489;0.869570
490;0.869570
491;0.869570
492;0.869570
493;0.869570
494;0.869570
495;0.869570
496;0.869570
497;0.869570
498;0.869570
499;0.869570
500;0.869570
501;0.869570
502;0.869570
503;0.869570
504;0.869570
505;0.869570
506;0.869570
507;0.869570
508;0.869570
509;0.869570
510;0.869570
511;0.869570
512;0.869570
513;0.869570
514;0.869570
515;0.869570
516;0.869570
517;0.869570
518;0.869570
519;0.869570
520;0.869570
521;0.869570
522;0.869570
523;0.869570
524;0.869570
525;0.869570
526;0.869570
527;0.869570
528;0.869570
529;0.869570
530;0.869570
531;0.869570
532;0.869570
533;0.869570
534;0.869570
535;0.869570
536;0.869570
537;0.869570
538;0.869570
539;0.869570
540;0.869570
541;0.869570
542;0.869570
543;0.869570
544;0.869570
545;0.869570
546;0.869570
547;0.869570
548;0.869570
549;0.869570
550;0.869570
551;0.869570
552;0.869570
553;0.869570
554;0.869570
555;0.869570
556;0.869570
557;0.869570
558;0.869570
559;0.869570
560;0.869570
561;0.869570
562;0.869570
563;0.869570
564;0.869570
565;0.869570
566;0.869570
567;0.869570
568;0.869570
569;0.869570
570;0.869570
571;0.869570
572;0.869570
573;0.869570
574;0.869570
575;0.869570
576;0.869570
577;0.869570
578;0.869570
579;0.869570
580;0.869570
581;0.869570
582;0.869570
583;0.869570
584;0.869570
585;0.869570
586;0.869570
587;0.869570
588;0.869570
589;0.869570
590;0.869570
591;0.869570
592;0.869570
593;0.869570
594;0.869570
595;0.869570
596;0.869570
597;0.869570
598;0.869570
599;0.869570
600;0.869570
601;0.869570
602;0.869570
603;0.869570
604;0.869570
605;0.869570
606;0.869570
607;0.869570
608;0.869570
609;0.869570
610;0.869570
611;0.869570
612;0.869570
613;0.869570
614;0.869570
615;0.869570
616;0.869570
617;0.869570
618;0.869570
619;0.869570
620;0.869570
621;0.869570
622;0.869570
623;0.869570
624;0.869570
625;0.869570
626;0.869570
627;0.869570
628;0.869570
629;0.869570
630;0.869570
631;0.869570
632;0.869570
633;0.869570
634;0.869570
635;0.869570
636;0.869570
637;0.869570
638;0.869570
639;0.869570
640;0.869570
641;0.869570
642;0.869570
643;0.869570
644;0.869570
645;0.869570
646;0.869570
647;0.869570
648;0.869570
649;0.869570
650;0.869570
651;0.869570
652;0.869570
653;0.869570
654;0.869570
655;0.869570
656;0.869570
657;0.869570
658;0.869570
659;0.869570
660;0.869570
661;0.869570
662;0.869570
663;0.869570
664;0.869570
665;0.869570
666;0.869570
667;0.869570
668;0.869570
669;0.869570
670;0.869570
671;0.869570
672;0.869570
673;0.869570
674;0.869570
675;0.869570
676;0.869570
677;0.869570
678;0.869570
679;0.869570
680;0.869570
681;0.869570
682;0.869570
683;0.869570
684;0.869570
685;0.869570
686;0.869570
687;0.869570
688;0.869570
689;0.869570
690;0.869570
691;0.869570
692;0.869570
693;0.869570
694;0.869570
695;0.869570
696;0.869570
697;0.869570
698;0.869570
699;0.869570
700;0.869570
701;0.869570
702;0.869570
703;0.869570
704;0.869570
705;0.869570
706;0.869570
707;0.869570
708;0.869570
709;0.869570
710;0.869570
711;0.869570
712;0.869570
713;0.869570
714;0.869570
715;0.869570
716;0.869570
717;0.869570
718;0.869570
719;0.869570
720;0.869570
721;0.869570
722;0.869570
723;0.869570
724;0.869570
725;0.869570
726;0.869570
727;0.869570
728;0.869570
729;0.869570
730;0.869570
731;0.869570
732;0.869570
733;0.869570
734;0.869570
735;0.869570
736;0.869570
737;0.869570
738;0.869570
739;0.869570
740;0.869570
741;0.869570
742;0.869570
743;0.869570
744;0.869570
745;0.869570
746;0.869570
747;0.869570
748;0.869570
749;0.869570
750;0.869570
751;0.869570
752;0.869570
753;0.869570
754;0.869570
755;0.869570
756;0.869570
757;0.869570
758;0.869570
759;0.869570
760;0.869570
761;0.869570
762;0.869570
763;0.869570
764;0.869570
765;0.869570
766;0.869570
767;0.869570
768;0.869570
769;0.869570
770;0.869570
771;0.869570
772;0.869570
773;0.869570
774;0.869570
775;0.869570
776;0.869570
777;0.869570
778;0.869570
779;0.869570
780;0.869570
781;0.869570
782;0.869570
783;0.869570
784;0.869570
785;0.869570
786;0.869570
787;0.869570
788;0.869570
789;0.869570
790;0.869570
791;0.869570
792;0.869570
793;0.869570
794;0.869570
795;0.869570
796;0.869570
797;0.869570
798;0.869570
799;0.869570
800;0.869570
801;0.869570
802;0.869570
803;0.869570
804;0.869570
805;0.869570
806;0.869570
807;0.869570
808;0.869570
809;0.869570
810;0.869570
811;0.869570
812;0.869570
813;0.869570
814;0.869570
815;0.869570
816;0.869570
817;0.869570
818;0.869570
819;0.869570
820;0.869570
821;0.869570
822;0.869570
823;0.869570
824;0.869570
825;0.869570
826;0.869570
827;0.869570
828;0.869570
829;0.869570
830;0.869570
831;0.869570
832;0.869570
833;0.869570
834;0.869570
835;0.869570
836;0.869570
837;0.869570
838;0.869570
839;0.869570
840;0.869570
841;0.869570
842;0.869570
843;0.869570
844;0.869570
845;0.869570
846;0.869570
847;0.869570
848;0.869570
849;0.869570
850;0.869570
851;0.869570
852;0.869570
853;0.869570
854;0.869570
855;0.869570
856;0.869570
857;0.869570
858;0.869570
859;0.869570
860;0.869570
861;0.869570
862;0.869570
863;0.869570
864;0.869570
865;0.869570
866;0.869570
867;0.869570
868;0.869570
869;0.869570
870;0.869570
871;0.869570
872;0.869570
873;0.869570
874;0.869570
875;0.869570
876;0.869570
877;0.869570
878;0.869570
879;0.869570
880;0.869570
881;0.869570
882;0.869570
883;0.869570
884;0.869570
885;0.869570
886;0.869570
887;0.869570
888;0.869570
889;0.869570
890;0.869570
891;0.869570
892;0.869570
893;0.869570
894;0.869570
895;0.869570
896;0.869570
897;0.869570
898;0.869570
899;0.869570
900;0.869570
901;0.869570
902;0.869570
903;0.869570
904;0.869570
905;0.869570
906;0.869570
907;0.869570
908;0.869570
909;0.869570
910;0.869570
911;0.869570
912;0.869570
913;0.869570
914;0.869570
915;0.869570
916;0.869570
917;0.869570
918;0.869570
919;0.869570
920;0.869570
921;0.869570
922;0.869570
923;0.869570
924;0.869570
925;0.869570
926;0.869570
927;0.869570
928;0.869570
929;0.869570
930;0.869570
931;0.869570
932;0.869570
933;0.869570
934;0.869570
935;0.869570
936;0.869570
937;0.869570
938;0.869570
939;0.869570
940;0.869570
941;0.869570
942;0.869570
943;0.869570
944;0.869570
945;0.869570
946;0.869570
947;0.869570
948;0.869570
949;0.869570
950;0.869570
951;0.869570
952;0.869570
953;0.869570
954;0.869570
955;0.869570
956;0.869570
957;0.869570
958;0.869570
959;0.869570
960;0.869570
961;0.869570
962;0.869570
963;0.869570
964;0.869570
965;0.869570
966;0.869570
967;0.869570
968;0.869570
969;0.869570
970;0.869570
971;0.869570
972;0.869570
973;0.869570
974;0.869570
975;0.869570
976;0.869570
977;0.869570
978;0.869570
979;0.869570
980;0.869570
981;0.869570
982;0.869570
983;0.869570
984;0.869570
985;0.869570
986;0.869570
987;0.869570
988;0.869570
989;0.869570
990;0.869570
991;0.869570
992;0.869570
993;0.869570
994;0.869570
995;0.869570
996;0.869570
997;0.869570
998;0.869570
999;0.869570
1000;0.869570
1001;0.869570
